Time	 Pressed	 Keycode	 CookedKey	 Keypress	 Trial	 Repetition
6.712623407e+03	 1	 71	 103	 1	 1	 1
6.712775384e+03	 1	 65	 97	 2	 1	 1
6.712871386e+03	 1	 83	 115	 3	 1	 1
6.713223375e+03	 1	 32	 32	 4	 1	 1
6.713375348e+03	 1	 80	 112	 5	 1	 1
6.713631364e+03	 1	 79	 111	 6	 1	 1
6.713823357e+03	 1	 77	 109	 7	 1	 1
6.713975356e+03	 1	 32	 32	 8	 1	 1
6.714263340e+03	 1	 80	 112	 9	 1	 1
6.714511343e+03	 1	 69	 101	 10	 1	 1
6.714671314e+03	 1	 78	 110	 11	 1	 1
6.714871334e+03	 1	 32	 32	 12	 1	 1
6.715039317e+03	 1	 71	 103	 13	 1	 1
6.715231313e+03	 1	 69	 101	 14	 1	 1
6.715327327e+03	 1	 84	 116	 15	 1	 1
6.715895300e+03	 1	 13	 13	 16	 1	 1
6.718879258e+03	 1	 71	 103	 1	 1	 2
6.719023225e+03	 1	 65	 97	 2	 1	 2
6.719095240e+03	 1	 83	 115	 3	 1	 2
6.719231233e+03	 1	 32	 32	 4	 1	 2
6.719367230e+03	 1	 80	 112	 5	 1	 2
6.719655223e+03	 1	 79	 111	 6	 1	 2
6.719855217e+03	 1	 77	 109	 7	 1	 2
6.719999217e+03	 1	 32	 32	 8	 1	 2
6.720215198e+03	 1	 77	 109	 9	 1	 2
6.720359207e+03	 1	 69	 101	 10	 1	 2
6.720487176e+03	 1	 78	 110	 11	 1	 2
6.720607204e+03	 1	 32	 32	 12	 1	 2
6.721151167e+03	 1	 80	 112	 13	 1	 2
6.721415182e+03	 1	 69	 101	 14	 1	 2
6.722335170e+03	 1	 8	 8	 15	 1	 2
6.723351155e+03	 1	 13	 13	 16	 1	 2
6.726255120e+03	 1	 72	 104	 1	 1	 3
6.726391088e+03	 1	 65	 97	 2	 1	 3
6.726511053e+03	 1	 83	 115	 3	 1	 3
6.727271049e+03	 1	 32	 32	 4	 1	 3
6.727471032e+03	 1	 80	 112	 5	 1	 3
6.727751035e+03	 1	 79	 111	 6	 1	 3
6.727919019e+03	 1	 77	 109	 7	 1	 3
6.728055030e+03	 1	 32	 32	 8	 1	 3
6.728383008e+03	 1	 80	 112	 9	 1	 3
6.728575014e+03	 1	 69	 101	 10	 1	 3
6.728655016e+03	 1	 78	 110	 11	 1	 3
6.728759011e+03	 1	 32	 32	 12	 1	 3
6.728871008e+03	 1	 71	 103	 13	 1	 3
6.729078993e+03	 1	 69	 101	 14	 1	 3
6.729158983e+03	 1	 84	 116	 15	 1	 3
6.729414996e+03	 1	 13	 13	 16	 1	 3
6.732542937e+03	 1	 71	 103	 1	 1	 4
6.732686915e+03	 1	 65	 97	 2	 1	 4
6.732766902e+03	 1	 83	 115	 3	 1	 4
6.732942883e+03	 1	 32	 32	 4	 1	 4
6.733094881e+03	 1	 80	 112	 5	 1	 4
6.733294892e+03	 1	 79	 111	 6	 1	 4
6.733454882e+03	 1	 77	 109	 7	 1	 4
6.733574898e+03	 1	 32	 32	 8	 1	 4
6.733766874e+03	 1	 80	 112	 9	 1	 4
6.733918885e+03	 1	 69	 101	 10	 1	 4
6.734070887e+03	 1	 78	 110	 11	 1	 4
6.734246869e+03	 1	 32	 32	 12	 1	 4
6.734430878e+03	 1	 71	 103	 13	 1	 4
6.734614875e+03	 1	 69	 101	 14	 1	 4
6.734694875e+03	 1	 84	 116	 15	 1	 4
6.734982856e+03	 1	 13	 13	 16	 1	 4
6.772430001e+03	 1	 66	 98	 1	 2	 1
6.772605995e+03	 1	 65	 97	 2	 2	 1
6.772726011e+03	 1	 78	 110	 3	 2	 1
6.772893954e+03	 1	 75	 107	 4	 2	 1
6.773021988e+03	 1	 32	 32	 5	 2	 1
6.773221941e+03	 1	 68	 100	 6	 2	 1
6.773357989e+03	 1	 79	 111	 7	 2	 1
6.773501953e+03	 1	 71	 103	 8	 2	 1
6.773597948e+03	 1	 32	 32	 9	 2	 1
6.773877985e+03	 1	 68	 100	 10	 2	 1
6.774053966e+03	 1	 69	 101	 11	 2	 1
6.774253931e+03	 1	 67	 99	 12	 2	 1
6.774317952e+03	 1	 75	 107	 13	 2	 1
6.774437924e+03	 1	 32	 32	 14	 2	 1
6.774749927e+03	 1	 66	 98	 15	 2	 1
6.774957936e+03	 1	 85	 117	 16	 2	 1
6.775085933e+03	 1	 83	 115	 17	 2	 1
6.775189917e+03	 1	 84	 116	 18	 2	 1
6.775365913e+03	 1	 13	 13	 19	 2	 1
6.778333880e+03	 1	 66	 98	 1	 2	 2
6.778501832e+03	 1	 65	 97	 2	 2	 2
6.778861825e+03	 1	 78	 110	 3	 2	 2
6.779053839e+03	 1	 75	 107	 4	 2	 2
6.779253836e+03	 1	 32	 32	 5	 2	 2
6.779549830e+03	 1	 68	 100	 6	 2	 2
6.780053806e+03	 1	 79	 111	 7	 2	 2
6.780261813e+03	 1	 71	 103	 8	 2	 2
6.780517807e+03	 1	 32	 32	 9	 2	 2
6.780709802e+03	 1	 71	 103	 10	 2	 2
6.780917785e+03	 1	 69	 101	 11	 2	 2
6.781389791e+03	 1	 8	 8	 12	 2	 2
6.781549761e+03	 1	 8	 8	 13	 2	 2
6.782213759e+03	 1	 71	 103	 14	 2	 2
6.782653744e+03	 1	 13	 13	 15	 2	 2
6.785517695e+03	 1	 66	 98	 1	 2	 3
6.785701674e+03	 1	 65	 97	 2	 2	 3
6.785973681e+03	 1	 78	 110	 3	 2	 3
6.786221676e+03	 1	 75	 107	 4	 2	 3
6.786429648e+03	 1	 32	 32	 5	 2	 3
6.786613665e+03	 1	 68	 100	 6	 2	 3
6.786789670e+03	 1	 79	 111	 7	 2	 3
6.786917634e+03	 1	 71	 103	 8	 2	 3
6.787061664e+03	 1	 32	 32	 9	 2	 3
6.787261642e+03	 1	 71	 103	 10	 2	 3
6.787493674e+03	 1	 69	 101	 11	 2	 3
6.787949623e+03	 1	 67	 99	 12	 2	 3
6.788165600e+03	 1	 75	 107	 13	 2	 3
6.788373620e+03	 1	 32	 32	 14	 2	 3
6.788853602e+03	 1	 66	 98	 15	 2	 3
6.789013619e+03	 1	 85	 117	 16	 2	 3
6.789077619e+03	 1	 83	 115	 17	 2	 3
6.789165614e+03	 1	 84	 116	 18	 2	 3
6.789285573e+03	 1	 13	 13	 19	 2	 3
6.792629539e+03	 1	 66	 98	 1	 2	 4
6.792797522e+03	 1	 65	 97	 2	 2	 4
6.792917519e+03	 1	 78	 110	 3	 2	 4
6.793165505e+03	 1	 75	 107	 4	 2	 4
6.793357486e+03	 1	 32	 32	 5	 2	 4
6.793613500e+03	 1	 68	 100	 6	 2	 4
6.793741470e+03	 1	 79	 111	 7	 2	 4
6.793877467e+03	 1	 71	 103	 8	 2	 4
6.793957495e+03	 1	 32	 32	 9	 2	 4
6.794141487e+03	 1	 68	 100	 10	 2	 4
6.794333500e+03	 1	 69	 101	 11	 2	 4
6.794557480e+03	 1	 67	 99	 12	 2	 4
6.794653480e+03	 1	 75	 107	 13	 2	 4
6.794749453e+03	 1	 32	 32	 14	 2	 4
6.794957469e+03	 1	 66	 98	 15	 2	 4
6.795141454e+03	 1	 85	 117	 16	 2	 4
6.795253462e+03	 1	 83	 115	 17	 2	 4
6.795341460e+03	 1	 84	 116	 18	 2	 4
6.796141445e+03	 1	 13	 13	 19	 2	 4
6.833180595e+03	 1	 82	 114	 1	 3	 1
6.833276584e+03	 1	 79	 111	 2	 3	 1
6.833396553e+03	 1	 80	 112	 3	 3	 1
6.834444608e+03	 1	 69	 101	 4	 3	 1
6.834620568e+03	 1	 32	 32	 5	 3	 1
6.834764533e+03	 1	 68	 100	 6	 3	 1
6.834916533e+03	 1	 79	 111	 7	 3	 1
6.835052564e+03	 1	 67	 99	 8	 3	 1
6.835124559e+03	 1	 75	 107	 9	 3	 1
6.835244523e+03	 1	 32	 32	 10	 3	 1
6.835404501e+03	 1	 68	 100	 11	 3	 1
6.835524490e+03	 1	 73	 105	 12	 3	 1
6.835940525e+03	 1	 83	 115	 13	 3	 1
6.835988540e+03	 1	 72	 104	 14	 3	 1
6.836164500e+03	 1	 32	 32	 15	 3	 1
6.836404504e+03	 1	 82	 114	 16	 3	 1
6.836492504e+03	 1	 73	 105	 17	 3	 1
6.836660498e+03	 1	 78	 110	 18	 3	 1
6.837148490e+03	 1	 13	 13	 19	 3	 1
6.840156425e+03	 1	 82	 114	 1	 3	 2
6.840252415e+03	 1	 79	 111	 2	 3	 2
6.840372415e+03	 1	 80	 112	 3	 3	 2
6.840500411e+03	 1	 69	 101	 4	 3	 2
6.840596409e+03	 1	 32	 32	 5	 3	 2
6.840836402e+03	 1	 68	 100	 6	 3	 2
6.840988386e+03	 1	 79	 111	 7	 3	 2
6.841156380e+03	 1	 67	 99	 8	 3	 2
6.841220395e+03	 1	 75	 107	 9	 3	 2
6.841364389e+03	 1	 32	 32	 10	 3	 2
6.841604384e+03	 1	 68	 100	 11	 3	 2
6.841724382e+03	 1	 73	 105	 12	 3	 2
6.841972375e+03	 1	 83	 115	 13	 3	 2
6.842068362e+03	 1	 72	 104	 14	 3	 2
6.842244356e+03	 1	 32	 32	 15	 3	 2
6.842436364e+03	 1	 82	 114	 16	 3	 2
6.842524364e+03	 1	 73	 105	 17	 3	 2
6.842684359e+03	 1	 78	 110	 18	 3	 2
6.842780347e+03	 1	 71	 103	 19	 3	 2
6.843092336e+03	 1	 13	 13	 20	 3	 2
6.846116283e+03	 1	 82	 114	 1	 3	 3
6.846340276e+03	 1	 79	 111	 2	 3	 3
6.846524264e+03	 1	 80	 112	 3	 3	 3
6.846780264e+03	 1	 69	 101	 4	 3	 3
6.846892242e+03	 1	 32	 32	 5	 3	 3
6.847044263e+03	 1	 68	 100	 6	 3	 3
6.847148248e+03	 1	 79	 111	 7	 3	 3
6.847300237e+03	 1	 67	 99	 8	 3	 3
6.847388239e+03	 1	 75	 107	 9	 3	 3
6.847492224e+03	 1	 32	 32	 10	 3	 3
6.848076236e+03	 1	 68	 100	 11	 3	 3
6.848300229e+03	 1	 73	 105	 12	 3	 3
6.848436228e+03	 1	 83	 115	 13	 3	 3
6.848540223e+03	 1	 72	 104	 14	 3	 3
6.848684219e+03	 1	 32	 32	 15	 3	 3
6.848828190e+03	 1	 82	 114	 16	 3	 3
6.848916216e+03	 1	 73	 105	 17	 3	 3
6.849076218e+03	 1	 78	 110	 18	 3	 3
6.849156197e+03	 1	 71	 103	 19	 3	 3
6.849308204e+03	 1	 13	 13	 20	 3	 3
6.852172154e+03	 1	 82	 114	 1	 3	 4
6.852316114e+03	 1	 79	 111	 2	 3	 4
6.852476125e+03	 1	 80	 112	 3	 3	 4
6.852644098e+03	 1	 69	 101	 4	 3	 4
6.852732127e+03	 1	 32	 32	 5	 3	 4
6.852892107e+03	 1	 68	 100	 6	 3	 4
6.853004120e+03	 1	 79	 111	 7	 3	 4
6.853148099e+03	 1	 71	 103	 8	 3	 4
6.853284084e+03	 1	 32	 32	 9	 3	 4
6.854036098e+03	 1	 8	 8	 10	 3	 4
6.854204080e+03	 1	 8	 8	 11	 3	 4
6.854508062e+03	 1	 67	 99	 12	 3	 4
6.854604085e+03	 1	 72	 104	 13	 3	 4
6.854876078e+03	 1	 32	 32	 14	 3	 4
6.855148038e+03	 1	 68	 100	 15	 3	 4
6.855236068e+03	 1	 73	 105	 16	 3	 4
6.855412063e+03	 1	 67	 99	 17	 3	 4
6.855492040e+03	 1	 75	 107	 18	 3	 4
6.855660039e+03	 1	 32	 32	 19	 3	 4
6.855908051e+03	 1	 13	 13	 20	 3	 4
6.889883288e+03	 1	 82	 114	 1	 4	 1
6.890083274e+03	 1	 65	 97	 2	 4	 1
6.890371241e+03	 1	 71	 103	 3	 4	 1
6.890579248e+03	 1	 32	 32	 4	 4	 1
6.891147225e+03	 1	 80	 112	 5	 4	 1
6.891363215e+03	 1	 85	 117	 6	 4	 1
6.891499225e+03	 1	 78	 110	 7	 4	 1
6.891595220e+03	 1	 32	 32	 8	 4	 1
6.891683190e+03	 1	 80	 112	 9	 4	 1
6.891891213e+03	 1	 79	 111	 10	 4	 1
6.892003200e+03	 1	 84	 116	 11	 4	 1
6.892099172e+03	 1	 32	 32	 12	 4	 1
6.892211212e+03	 1	 84	 116	 13	 4	 1
6.892339190e+03	 1	 69	 101	 14	 4	 1
6.892531187e+03	 1	 68	 100	 15	 4	 1
6.893131178e+03	 1	 13	 13	 16	 4	 1
6.896019146e+03	 1	 82	 114	 1	 4	 2
6.896235119e+03	 1	 65	 97	 2	 4	 2
6.896915086e+03	 1	 65	 97	 3	 4	 2
6.897003086e+03	 1	 71	 103	 4	 4	 2
6.897283082e+03	 1	 32	 32	 5	 4	 2
6.897803067e+03	 1	 80	 112	 6	 4	 2
6.898051061e+03	 1	 79	 111	 7	 4	 2
6.898259079e+03	 1	 78	 110	 8	 4	 2
6.898395040e+03	 1	 32	 32	 9	 4	 2
6.898563035e+03	 1	 80	 112	 10	 4	 2
6.898811053e+03	 1	 85	 117	 11	 4	 2
6.898955049e+03	 1	 84	 116	 12	 4	 2
6.899059019e+03	 1	 32	 32	 13	 4	 2
6.899179030e+03	 1	 84	 116	 14	 4	 2
6.899355008e+03	 1	 69	 101	 15	 4	 2
6.899571033e+03	 1	 68	 100	 16	 4	 2
6.899827032e+03	 1	 13	 13	 17	 4	 2
6.903258962e+03	 1	 82	 114	 1	 4	 3
6.903570943e+03	 1	 65	 97	 2	 4	 3
6.903746915e+03	 1	 71	 103	 3	 4	 3
6.903946933e+03	 1	 32	 32	 4	 4	 3
6.904154907e+03	 1	 80	 112	 5	 4	 3
6.904354911e+03	 1	 79	 111	 6	 4	 3
6.904522907e+03	 1	 78	 110	 7	 4	 3
6.904642907e+03	 1	 32	 32	 8	 4	 3
6.904778899e+03	 1	 80	 112	 9	 4	 3
6.904986908e+03	 1	 85	 117	 10	 4	 3
6.905218890e+03	 1	 84	 116	 11	 4	 3
6.905426865e+03	 1	 32	 32	 12	 4	 3
6.905626892e+03	 1	 82	 114	 13	 4	 3
6.905834866e+03	 1	 69	 101	 14	 4	 3
6.906010884e+03	 1	 68	 100	 15	 4	 3
6.906194880e+03	 1	 13	 13	 16	 4	 3
6.909378826e+03	 1	 82	 114	 1	 4	 4
6.909594804e+03	 1	 65	 97	 2	 4	 4
6.909786798e+03	 1	 71	 103	 3	 4	 4
6.909922794e+03	 1	 32	 32	 4	 4	 4
6.910074789e+03	 1	 80	 112	 5	 4	 4
6.910298784e+03	 1	 79	 111	 6	 4	 4
6.910482776e+03	 1	 78	 110	 7	 4	 4
6.910626777e+03	 1	 32	 32	 8	 4	 4
6.910762761e+03	 1	 80	 112	 9	 4	 4
6.910946769e+03	 1	 85	 117	 10	 4	 4
6.911090738e+03	 1	 84	 116	 11	 4	 4
6.911210763e+03	 1	 32	 32	 12	 4	 4
6.911362751e+03	 1	 82	 114	 13	 4	 4
6.911506742e+03	 1	 69	 101	 14	 4	 4
6.911730788e+03	 1	 68	 100	 15	 4	 4
6.911914746e+03	 1	 13	 13	 16	 4	 4
6.942778010e+03	 1	 76	 108	 1	 5	 1
6.942978042e+03	 1	 85	 117	 2	 5	 1
6.943186025e+03	 1	 67	 99	 3	 5	 1
6.943250028e+03	 1	 75	 107	 4	 5	 1
6.943370055e+03	 1	 32	 32	 5	 5	 1
6.943594029e+03	 1	 66	 98	 6	 5	 1
6.943833994e+03	 1	 69	 101	 7	 5	 1
6.944010006e+03	 1	 69	 101	 8	 5	 1
6.944369964e+03	 1	 80	 112	 9	 5	 1
6.944689976e+03	 1	 32	 32	 10	 5	 1
6.945257984e+03	 1	 66	 98	 11	 5	 1
6.945441958e+03	 1	 79	 111	 12	 5	 1
6.945577967e+03	 1	 85	 117	 13	 5	 1
6.945745965e+03	 1	 84	 116	 14	 5	 1
6.945809949e+03	 1	 32	 32	 15	 5	 1
6.945945984e+03	 1	 76	 108	 16	 5	 1
6.946113932e+03	 1	 79	 111	 17	 5	 1
6.946241951e+03	 1	 85	 117	 18	 5	 1
6.946353945e+03	 1	 68	 100	 19	 5	 1
6.946713916e+03	 1	 13	 13	 20	 5	 1
6.949633888e+03	 1	 76	 108	 1	 5	 2
6.949937887e+03	 1	 69	 101	 2	 5	 2
6.950161838e+03	 1	 67	 99	 3	 5	 2
6.950297882e+03	 1	 75	 107	 4	 5	 2
6.950393792e+03	 1	 32	 32	 5	 5	 2
6.950633843e+03	 1	 66	 98	 6	 5	 2
6.950849845e+03	 1	 69	 101	 7	 5	 2
6.951033836e+03	 1	 69	 101	 8	 5	 2
6.951889793e+03	 1	 80	 112	 9	 5	 2
6.952049812e+03	 1	 32	 32	 10	 5	 2
6.952473819e+03	 1	 66	 98	 11	 5	 2
6.952633800e+03	 1	 79	 111	 12	 5	 2
6.952761782e+03	 1	 85	 117	 13	 5	 2
6.952993790e+03	 1	 84	 116	 14	 5	 2
6.953065792e+03	 1	 32	 32	 15	 5	 2
6.953201758e+03	 1	 76	 108	 16	 5	 2
6.953377781e+03	 1	 79	 111	 17	 5	 2
6.953481781e+03	 1	 85	 117	 18	 5	 2
6.953569778e+03	 1	 84	 116	 19	 5	 2
6.953697772e+03	 1	 13	 13	 20	 5	 2
6.957289711e+03	 1	 76	 108	 1	 5	 3
6.957473687e+03	 1	 85	 117	 2	 5	 3
6.957633671e+03	 1	 67	 99	 3	 5	 3
6.957737651e+03	 1	 75	 107	 4	 5	 3
6.957857677e+03	 1	 32	 32	 5	 5	 3
6.958073652e+03	 1	 66	 98	 6	 5	 3
6.958209676e+03	 1	 69	 101	 7	 5	 3
6.958393664e+03	 1	 69	 101	 8	 5	 3
6.958505687e+03	 1	 80	 112	 9	 5	 3
6.958625651e+03	 1	 32	 32	 10	 5	 3
6.959017664e+03	 1	 66	 98	 11	 5	 3
6.959185663e+03	 1	 79	 111	 12	 5	 3
6.959321659e+03	 1	 85	 117	 13	 5	 3
6.959505626e+03	 1	 84	 116	 14	 5	 3
6.959609626e+03	 1	 32	 32	 15	 5	 3
6.959713639e+03	 1	 76	 108	 16	 5	 3
6.959905663e+03	 1	 79	 111	 17	 5	 3
6.960017624e+03	 1	 85	 117	 18	 5	 3
6.960129607e+03	 1	 68	 100	 19	 5	 3
6.960329631e+03	 1	 13	 13	 20	 5	 3
6.963209568e+03	 1	 76	 108	 1	 5	 4
6.963385550e+03	 1	 85	 117	 2	 5	 4
6.963537546e+03	 1	 67	 99	 3	 5	 4
6.963673516e+03	 1	 75	 107	 4	 5	 4
6.963817540e+03	 1	 32	 32	 5	 5	 4
6.964065533e+03	 1	 66	 98	 6	 5	 4
6.964201529e+03	 1	 69	 101	 7	 5	 4
6.964361525e+03	 1	 69	 101	 8	 5	 4
6.964497495e+03	 1	 80	 112	 9	 5	 4
6.964601524e+03	 1	 32	 32	 10	 5	 4
6.965081510e+03	 1	 67	 99	 11	 5	 4
6.965401502e+03	 1	 79	 111	 12	 5	 4
6.965577490e+03	 1	 85	 117	 13	 5	 4
6.965737462e+03	 1	 78	 110	 14	 5	 4
6.966193485e+03	 1	 8	 8	 15	 5	 4
6.966401480e+03	 1	 84	 116	 16	 5	 4
6.966529475e+03	 1	 32	 32	 17	 5	 4
6.966657459e+03	 1	 76	 108	 18	 5	 4
6.966873455e+03	 1	 79	 111	 19	 5	 4
6.966953468e+03	 1	 85	 117	 20	 5	 4
6.967097439e+03	 1	 68	 100	 21	 5	 4
6.967217464e+03	 1	 13	 13	 22	 5	 4
7.004480610e+03	 1	 67	 99	 1	 6	 1
7.004712599e+03	 1	 82	 114	 2	 6	 1
7.004824583e+03	 1	 89	 121	 3	 6	 1
7.004960589e+03	 1	 32	 32	 4	 6	 1
7.005072587e+03	 1	 80	 112	 5	 6	 1
7.005288536e+03	 1	 85	 117	 6	 6	 1
7.005384589e+03	 1	 71	 103	 7	 6	 1
7.005512568e+03	 1	 32	 32	 8	 6	 1
7.005648566e+03	 1	 80	 112	 9	 6	 1
7.005864555e+03	 1	 65	 97	 10	 6	 1
7.006016569e+03	 1	 68	 100	 11	 6	 1
7.006192545e+03	 1	 32	 32	 12	 6	 1
7.006368513e+03	 1	 67	 99	 13	 6	 1
7.006456526e+03	 1	 79	 111	 14	 6	 1
7.006600512e+03	 1	 82	 114	 15	 6	 1
7.007240508e+03	 1	 8	 8	 16	 6	 1
7.007616522e+03	 1	 13	 13	 17	 6	 1
7.010856460e+03	 1	 67	 99	 1	 6	 2
7.011104439e+03	 1	 82	 114	 2	 6	 2
7.011232535e+03	 1	 89	 121	 3	 6	 2
7.011392433e+03	 1	 32	 32	 4	 6	 2
7.011480432e+03	 1	 80	 112	 5	 6	 2
7.011704395e+03	 1	 85	 117	 6	 6	 2
7.011704395e+03	 1	 73	 105	 7	 6	 2
7.011848419e+03	 1	 71	 103	 8	 6	 2
7.012080391e+03	 1	 32	 32	 9	 6	 2
7.012456429e+03	 1	 80	 112	 10	 6	 2
7.012696403e+03	 1	 65	 97	 11	 6	 2
7.012880397e+03	 1	 68	 100	 12	 6	 2
7.013008369e+03	 1	 32	 32	 13	 6	 2
7.013232390e+03	 1	 67	 99	 14	 6	 2
7.013352360e+03	 1	 79	 111	 15	 6	 2
7.013496382e+03	 1	 82	 114	 16	 6	 2
7.014192340e+03	 1	 13	 13	 17	 6	 2
7.017496305e+03	 1	 67	 99	 1	 6	 3
7.017896300e+03	 1	 82	 114	 2	 6	 3
7.018048270e+03	 1	 89	 121	 3	 6	 3
7.018152261e+03	 1	 32	 32	 4	 6	 3
7.018256226e+03	 1	 80	 112	 5	 6	 3
7.018472248e+03	 1	 85	 117	 6	 6	 3
7.018680263e+03	 1	 71	 103	 7	 6	 3
7.018856258e+03	 1	 32	 32	 8	 6	 3
7.019104240e+03	 1	 80	 112	 9	 6	 3
7.019304246e+03	 1	 65	 97	 10	 6	 3
7.019520228e+03	 1	 68	 100	 11	 6	 3
7.019704238e+03	 1	 32	 32	 12	 6	 3
7.019864222e+03	 1	 67	 99	 13	 6	 3
7.020008205e+03	 1	 79	 111	 14	 6	 3
7.020136203e+03	 1	 84	 116	 15	 6	 3
7.020456237e+03	 1	 13	 13	 16	 6	 3
7.023360164e+03	 1	 67	 99	 1	 6	 4
7.023608148e+03	 1	 82	 114	 2	 6	 4
7.023760132e+03	 1	 89	 121	 3	 6	 4
7.023888139e+03	 1	 32	 32	 4	 6	 4
7.023976129e+03	 1	 80	 112	 5	 6	 4
7.024200119e+03	 1	 85	 117	 6	 6	 4
7.024304134e+03	 1	 71	 103	 7	 6	 4
7.024408129e+03	 1	 32	 32	 8	 6	 4
7.024840120e+03	 1	 80	 112	 9	 6	 4
7.025032103e+03	 1	 65	 97	 10	 6	 4
7.025200109e+03	 1	 68	 100	 11	 6	 4
7.025376082e+03	 1	 32	 32	 12	 6	 4
7.025520103e+03	 1	 67	 99	 13	 6	 4
7.025624090e+03	 1	 79	 111	 14	 6	 4
7.025920094e+03	 1	 84	 116	 15	 6	 4
7.026216056e+03	 1	 13	 13	 16	 6	 4
7.063071233e+03	 1	 83	 115	 1	 7	 1
7.063167197e+03	 1	 73	 105	 2	 7	 1
7.063303204e+03	 1	 80	 112	 3	 7	 1
7.063423197e+03	 1	 32	 32	 4	 7	 1
7.063599216e+03	 1	 70	 102	 5	 7	 1
7.063695216e+03	 1	 73	 105	 6	 7	 1
7.063895186e+03	 1	 76	 108	 7	 7	 1
7.064023142e+03	 1	 76	 108	 8	 7	 1
7.064079186e+03	 1	 32	 32	 9	 7	 1
7.064263200e+03	 1	 70	 102	 10	 7	 1
7.064391168e+03	 1	 79	 111	 11	 7	 1
7.064543194e+03	 1	 79	 111	 12	 7	 1
7.064647163e+03	 1	 68	 100	 13	 7	 1
7.064751190e+03	 1	 32	 32	 14	 7	 1
7.064927172e+03	 1	 83	 115	 15	 7	 1
7.065103168e+03	 1	 69	 101	 16	 7	 1
7.065255178e+03	 1	 69	 101	 17	 7	 1
7.065351178e+03	 1	 78	 110	 18	 7	 1
7.065495160e+03	 1	 13	 13	 19	 7	 1
7.069279112e+03	 1	 83	 115	 1	 7	 2
7.069431134e+03	 1	 73	 105	 2	 7	 2
7.069591084e+03	 1	 80	 112	 3	 7	 2
7.069679064e+03	 1	 32	 32	 4	 7	 2
7.070047102e+03	 1	 70	 102	 5	 7	 2
7.070191045e+03	 1	 85	 117	 6	 7	 2
7.070191045e+03	 1	 73	 105	 7	 7	 2
7.070367065e+03	 1	 76	 108	 8	 7	 2
7.070519056e+03	 1	 76	 108	 9	 7	 2
7.070583059e+03	 1	 32	 32	 10	 7	 2
7.070807052e+03	 1	 70	 102	 11	 7	 2
7.071199043e+03	 1	 79	 111	 12	 7	 2
7.071359036e+03	 1	 79	 111	 13	 7	 2
7.071463037e+03	 1	 68	 100	 14	 7	 2
7.071575031e+03	 1	 32	 32	 15	 7	 2
7.071791026e+03	 1	 83	 115	 16	 7	 2
7.072230993e+03	 1	 69	 101	 17	 7	 2
7.072407034e+03	 1	 69	 101	 18	 7	 2
7.072470998e+03	 1	 78	 110	 19	 7	 2
7.072622986e+03	 1	 13	 13	 20	 7	 2
7.075614949e+03	 1	 83	 115	 1	 7	 3
7.075878921e+03	 1	 73	 105	 2	 7	 3
7.076038929e+03	 1	 80	 112	 3	 7	 3
7.076150928e+03	 1	 32	 32	 4	 7	 3
7.076430905e+03	 1	 70	 102	 5	 7	 3
7.076902909e+03	 1	 73	 105	 6	 7	 3
7.077254887e+03	 1	 76	 108	 7	 7	 3
7.077374896e+03	 1	 76	 108	 8	 7	 3
7.077782888e+03	 1	 32	 32	 9	 7	 3
7.078190878e+03	 1	 70	 102	 10	 7	 3
7.078318874e+03	 1	 79	 111	 11	 7	 3
7.078486857e+03	 1	 79	 111	 12	 7	 3
7.078566871e+03	 1	 68	 100	 13	 7	 3
7.078646865e+03	 1	 32	 32	 14	 7	 3
7.078750863e+03	 1	 83	 115	 15	 7	 3
7.078902838e+03	 1	 69	 101	 16	 7	 3
7.079062874e+03	 1	 69	 101	 17	 7	 3
7.079126868e+03	 1	 78	 110	 18	 7	 3
7.079254854e+03	 1	 13	 13	 19	 7	 3
7.083334758e+03	 1	 83	 115	 1	 7	 4
7.083550741e+03	 1	 73	 105	 2	 7	 4
7.083686718e+03	 1	 80	 112	 3	 7	 4
7.083814737e+03	 1	 32	 32	 4	 7	 4
7.084038765e+03	 1	 70	 102	 5	 7	 4
7.084118747e+03	 1	 85	 117	 6	 7	 4
7.084294706e+03	 1	 76	 108	 7	 7	 4
7.084430704e+03	 1	 76	 108	 8	 7	 4
7.084486710e+03	 1	 32	 32	 9	 7	 4
7.084614702e+03	 1	 70	 102	 10	 7	 4
7.084694724e+03	 1	 79	 111	 11	 7	 4
7.084822723e+03	 1	 79	 111	 12	 7	 4
7.084998723e+03	 1	 68	 100	 13	 7	 4
7.085102697e+03	 1	 32	 32	 14	 7	 4
7.085222682e+03	 1	 83	 115	 15	 7	 4
7.085334692e+03	 1	 69	 101	 16	 7	 4
7.085510685e+03	 1	 69	 101	 17	 7	 4
7.085566706e+03	 1	 78	 110	 18	 7	 4
7.085678672e+03	 1	 13	 13	 19	 7	 4
7.127029756e+03	 1	 70	 102	 1	 8	 1
7.127229736e+03	 1	 65	 97	 2	 8	 1
7.127317737e+03	 1	 82	 114	 3	 8	 1
7.127453729e+03	 1	 69	 101	 4	 8	 1
7.127605725e+03	 1	 32	 32	 5	 8	 1
7.127661727e+03	 1	 71	 103	 6	 8	 1
7.127837729e+03	 1	 69	 101	 7	 8	 1
7.127941725e+03	 1	 77	 109	 8	 8	 1
7.128053694e+03	 1	 32	 32	 9	 8	 1
7.128349728e+03	 1	 71	 103	 10	 8	 1
7.128581705e+03	 1	 65	 97	 11	 8	 1
7.128765700e+03	 1	 73	 105	 12	 8	 1
7.129005660e+03	 1	 84	 116	 13	 8	 1
7.129149703e+03	 1	 32	 32	 14	 8	 1
7.129325649e+03	 1	 70	 102	 15	 8	 1
7.129469720e+03	 1	 79	 111	 16	 8	 1
7.129549649e+03	 1	 85	 117	 17	 8	 1
7.129725686e+03	 1	 76	 108	 18	 8	 1
7.130069744e+03	 1	 13	 13	 19	 8	 1
7.133045619e+03	 1	 70	 102	 1	 8	 2
7.133269596e+03	 1	 65	 97	 2	 8	 2
7.133573589e+03	 1	 82	 114	 3	 8	 2
7.133693587e+03	 1	 69	 101	 4	 8	 2
7.133893579e+03	 1	 32	 32	 5	 8	 2
7.134005579e+03	 1	 71	 103	 6	 8	 2
7.134221571e+03	 1	 69	 101	 7	 8	 2
7.134357569e+03	 1	 77	 109	 8	 8	 2
7.134445570e+03	 1	 32	 32	 9	 8	 2
7.134557564e+03	 1	 71	 103	 10	 8	 2
7.134821526e+03	 1	 65	 97	 11	 8	 2
7.134925559e+03	 1	 73	 105	 12	 8	 2
7.135093522e+03	 1	 76	 108	 13	 8	 2
7.135813537e+03	 1	 32	 32	 14	 8	 2
7.135989519e+03	 1	 84	 116	 15	 8	 2
7.136901491e+03	 1	 13	 13	 16	 8	 2
7.139717457e+03	 1	 70	 102	 1	 8	 3
7.139949440e+03	 1	 65	 97	 2	 8	 3
7.140429451e+03	 1	 82	 114	 3	 8	 3
7.140541433e+03	 1	 69	 101	 4	 8	 3
7.140693393e+03	 1	 32	 32	 5	 8	 3
7.140797424e+03	 1	 71	 103	 6	 8	 3
7.140973414e+03	 1	 69	 101	 7	 8	 3
7.141085420e+03	 1	 77	 109	 8	 8	 3
7.141157398e+03	 1	 32	 32	 9	 8	 3
7.141333385e+03	 1	 70	 102	 10	 8	 3
7.141949394e+03	 1	 8	 8	 11	 8	 3
7.142069379e+03	 1	 71	 103	 12	 8	 3
7.142245375e+03	 1	 65	 97	 13	 8	 3
7.142429380e+03	 1	 73	 105	 14	 8	 3
7.142613376e+03	 1	 76	 108	 15	 8	 3
7.143277359e+03	 1	 32	 32	 16	 8	 3
7.143877350e+03	 1	 13	 13	 17	 8	 3
7.146773294e+03	 1	 70	 102	 1	 8	 4
7.147021281e+03	 1	 65	 97	 2	 8	 4
7.147245281e+03	 1	 82	 114	 3	 8	 4
7.147397280e+03	 1	 69	 101	 4	 8	 4
7.147573239e+03	 1	 32	 32	 5	 8	 4
7.147709233e+03	 1	 71	 103	 6	 8	 4
7.147909253e+03	 1	 69	 101	 7	 8	 4
7.148021252e+03	 1	 77	 109	 8	 8	 4
7.148109248e+03	 1	 32	 32	 9	 8	 4
7.148261228e+03	 1	 71	 103	 10	 8	 4
7.148549217e+03	 1	 65	 97	 11	 8	 4
7.148749221e+03	 1	 73	 105	 12	 8	 4
7.148941230e+03	 1	 84	 116	 13	 8	 4
7.149157223e+03	 1	 32	 32	 14	 8	 4
7.149485206e+03	 1	 70	 102	 15	 8	 4
7.149669202e+03	 1	 79	 111	 16	 8	 4
7.149749215e+03	 1	 85	 117	 17	 8	 4
7.149925178e+03	 1	 76	 108	 18	 8	 4
7.150317187e+03	 1	 13	 13	 19	 8	 4
7.190172214e+03	 1	 70	 102	 1	 9	 1
7.190292295e+03	 1	 85	 117	 2	 9	 1
7.190676258e+03	 1	 90	 122	 3	 9	 1
7.190844254e+03	 1	 90	 122	 4	 9	 1
7.191180246e+03	 1	 32	 32	 5	 9	 1
7.191372231e+03	 1	 66	 98	 6	 9	 1
7.191500223e+03	 1	 65	 97	 7	 9	 1
7.191628209e+03	 1	 78	 110	 8	 9	 1
7.191924251e+03	 1	 71	 103	 9	 9	 1
7.192132219e+03	 1	 32	 32	 10	 9	 1
7.192508145e+03	 1	 66	 98	 11	 9	 1
7.192676194e+03	 1	 79	 111	 12	 9	 1
7.192796163e+03	 1	 79	 111	 13	 9	 1
7.192868205e+03	 1	 84	 116	 14	 9	 1
7.192988221e+03	 1	 32	 32	 15	 9	 1
7.193076235e+03	 1	 70	 102	 16	 9	 1
7.193220169e+03	 1	 69	 101	 17	 9	 1
7.193364190e+03	 1	 69	 101	 18	 9	 1
7.193412192e+03	 1	 76	 108	 19	 9	 1
7.193588169e+03	 1	 13	 13	 20	 9	 1
7.196732128e+03	 1	 70	 102	 1	 9	 2
7.196900101e+03	 1	 85	 117	 2	 9	 2
7.197028109e+03	 1	 83	 115	 3	 9	 2
7.197196073e+03	 1	 83	 115	 4	 9	 2
7.197636098e+03	 1	 32	 32	 5	 9	 2
7.197860079e+03	 1	 66	 98	 6	 9	 2
7.197996090e+03	 1	 65	 97	 7	 9	 2
7.198092087e+03	 1	 78	 110	 8	 9	 2
7.198436078e+03	 1	 71	 103	 9	 9	 2
7.198844067e+03	 1	 32	 32	 10	 9	 2
7.199084063e+03	 1	 66	 98	 11	 9	 2
7.199260058e+03	 1	 79	 111	 12	 9	 2
7.199396058e+03	 1	 79	 111	 13	 9	 2
7.199452057e+03	 1	 84	 116	 14	 9	 2
7.199572036e+03	 1	 32	 32	 15	 9	 2
7.199676021e+03	 1	 70	 102	 16	 9	 2
7.199804044e+03	 1	 69	 101	 17	 9	 2
7.199980011e+03	 1	 69	 101	 18	 9	 2
7.199980011e+03	 1	 76	 108	 19	 9	 2
7.200132038e+03	 1	 13	 13	 20	 9	 2
7.202987992e+03	 1	 70	 102	 1	 9	 3
7.203115945e+03	 1	 85	 117	 2	 9	 3
7.203259952e+03	 1	 83	 115	 3	 9	 3
7.203507960e+03	 1	 90	 122	 4	 9	 3
7.204075952e+03	 1	 32	 32	 5	 9	 3
7.204299943e+03	 1	 66	 98	 6	 9	 3
7.204427927e+03	 1	 65	 97	 7	 9	 3
7.204523947e+03	 1	 78	 110	 8	 9	 3
7.204779929e+03	 1	 71	 103	 9	 9	 3
7.204963925e+03	 1	 32	 32	 10	 9	 3
7.205179887e+03	 1	 66	 98	 11	 9	 3
7.205291917e+03	 1	 79	 111	 12	 9	 3
7.205483903e+03	 1	 84	 116	 13	 9	 3
7.205699908e+03	 1	 32	 32	 14	 9	 3
7.205835905e+03	 1	 70	 102	 15	 9	 3
7.206003879e+03	 1	 69	 101	 16	 9	 3
7.206179898e+03	 1	 69	 101	 17	 9	 3
7.206235886e+03	 1	 76	 108	 18	 9	 3
7.206411890e+03	 1	 13	 13	 19	 9	 3
7.209587833e+03	 1	 70	 102	 1	 9	 4
7.209779824e+03	 1	 85	 117	 2	 9	 4
7.210147807e+03	 1	 90	 122	 3	 9	 4
7.210315801e+03	 1	 90	 122	 4	 9	 4
7.210643796e+03	 1	 32	 32	 5	 9	 4
7.210803778e+03	 1	 66	 98	 6	 9	 4
7.210955764e+03	 1	 65	 97	 7	 9	 4
7.211035786e+03	 1	 78	 110	 8	 9	 4
7.211259745e+03	 1	 71	 103	 9	 9	 4
7.211467774e+03	 1	 32	 32	 10	 9	 4
7.211667768e+03	 1	 66	 98	 11	 9	 4
7.211843753e+03	 1	 79	 111	 12	 9	 4
7.211963750e+03	 1	 79	 111	 13	 9	 4
7.212083732e+03	 1	 84	 116	 14	 9	 4
7.212179727e+03	 1	 32	 32	 15	 9	 4
7.212291726e+03	 1	 70	 102	 16	 9	 4
7.212419725e+03	 1	 69	 101	 17	 9	 4
7.212579747e+03	 1	 69	 101	 18	 9	 4
7.212611748e+03	 1	 76	 108	 19	 9	 4
7.212763733e+03	 1	 13	 13	 20	 9	 4
7.247306947e+03	 1	 70	 102	 1	 10	 1
7.247450937e+03	 1	 79	 111	 2	 10	 1
7.247546915e+03	 1	 71	 103	 3	 10	 1
7.247682901e+03	 1	 32	 32	 4	 10	 1
7.247842927e+03	 1	 72	 104	 5	 10	 1
7.247978897e+03	 1	 85	 117	 6	 10	 1
7.248130920e+03	 1	 77	 109	 7	 10	 1
7.248258919e+03	 1	 32	 32	 8	 10	 1
7.248442916e+03	 1	 72	 104	 9	 10	 1
7.248594900e+03	 1	 85	 117	 10	 10	 1
7.248730869e+03	 1	 83	 115	 11	 10	 1
7.248818857e+03	 1	 32	 32	 12	 10	 1
7.249042901e+03	 1	 70	 102	 13	 10	 1
7.249242896e+03	 1	 65	 97	 14	 10	 1
7.249530906e+03	 1	 78	 110	 15	 10	 1
7.249802904e+03	 1	 13	 13	 16	 10	 1
7.253402818e+03	 1	 70	 102	 1	 10	 2
7.253554803e+03	 1	 79	 111	 2	 10	 2
7.253666796e+03	 1	 71	 103	 3	 10	 2
7.253794771e+03	 1	 32	 32	 4	 10	 2
7.254090802e+03	 1	 70	 102	 5	 10	 2
7.254786749e+03	 1	 85	 117	 6	 10	 2
7.255050752e+03	 1	 77	 109	 7	 10	 2
7.255298740e+03	 1	 32	 32	 8	 10	 2
7.255538739e+03	 1	 72	 104	 9	 10	 2
7.255746723e+03	 1	 73	 105	 10	 10	 2
7.255858724e+03	 1	 83	 115	 11	 10	 2
7.255946739e+03	 1	 32	 32	 12	 10	 2
7.256242743e+03	 1	 70	 102	 13	 10	 2
7.256426736e+03	 1	 65	 97	 14	 10	 2
7.256658710e+03	 1	 78	 110	 15	 10	 2
7.256890720e+03	 1	 13	 13	 16	 10	 2
7.260050656e+03	 1	 70	 102	 1	 10	 3
7.260186626e+03	 1	 79	 111	 2	 10	 3
7.260338622e+03	 1	 71	 103	 3	 10	 3
7.260442636e+03	 1	 32	 32	 4	 10	 3
7.260962626e+03	 1	 72	 104	 5	 10	 3
7.261202597e+03	 1	 85	 117	 6	 10	 3
7.261442599e+03	 1	 77	 109	 7	 10	 3
7.261858582e+03	 1	 8	 8	 8	 10	 3
7.262010585e+03	 1	 8	 8	 9	 10	 3
7.262770574e+03	 1	 85	 117	 10	 10	 3
7.262922564e+03	 1	 77	 109	 11	 10	 3
7.263002576e+03	 1	 32	 32	 12	 10	 3
7.263162558e+03	 1	 72	 104	 13	 10	 3
7.263234548e+03	 1	 73	 105	 14	 10	 3
7.263346566e+03	 1	 83	 115	 15	 10	 3
7.263434552e+03	 1	 32	 32	 16	 10	 3
7.263570550e+03	 1	 70	 102	 17	 10	 3
7.263730551e+03	 1	 65	 97	 18	 10	 3
7.263802527e+03	 1	 78	 110	 19	 10	 3
7.263954530e+03	 1	 13	 13	 20	 10	 3
7.266922498e+03	 1	 70	 102	 1	 10	 4
7.267058459e+03	 1	 79	 111	 2	 10	 4
7.267202478e+03	 1	 71	 103	 3	 10	 4
7.267322461e+03	 1	 32	 32	 4	 10	 4
7.267722454e+03	 1	 72	 104	 5	 10	 4
7.267882497e+03	 1	 85	 117	 6	 10	 4
7.268050457e+03	 1	 77	 109	 7	 10	 4
7.268162457e+03	 1	 32	 32	 8	 10	 4
7.268322450e+03	 1	 72	 104	 9	 10	 4
7.268458447e+03	 1	 73	 105	 10	 10	 4
7.268578456e+03	 1	 83	 115	 11	 10	 4
7.268658421e+03	 1	 32	 32	 12	 10	 4
7.268794439e+03	 1	 70	 102	 13	 10	 4
7.268994425e+03	 1	 65	 97	 14	 10	 4
7.269210430e+03	 1	 78	 110	 15	 10	 4
7.269458425e+03	 1	 13	 13	 16	 10	 4
7.304777614e+03	 1	 70	 102	 1	 11	 1
7.304865606e+03	 1	 85	 117	 2	 11	 1
7.305025585e+03	 1	 78	 110	 3	 11	 1
7.305129593e+03	 1	 32	 32	 4	 11	 1
7.305241590e+03	 1	 80	 112	 5	 11	 1
7.305337566e+03	 1	 69	 101	 6	 11	 1
7.305521571e+03	 1	 69	 101	 7	 11	 1
7.305617584e+03	 1	 76	 108	 8	 11	 1
7.305689553e+03	 1	 32	 32	 9	 11	 1
7.305833545e+03	 1	 80	 112	 10	 11	 1
7.305937577e+03	 1	 65	 97	 11	 11	 1
7.306081541e+03	 1	 67	 99	 12	 11	 1
7.306169559e+03	 1	 75	 107	 13	 11	 1
7.306257536e+03	 1	 32	 32	 14	 11	 1
7.306545561e+03	 1	 70	 102	 15	 11	 1
7.306681535e+03	 1	 73	 105	 16	 11	 1
7.306777558e+03	 1	 83	 115	 17	 11	 1
7.306881532e+03	 1	 84	 116	 18	 11	 1
7.307209525e+03	 1	 13	 13	 19	 11	 1
7.310713493e+03	 1	 70	 102	 1	 11	 2
7.310801463e+03	 1	 85	 117	 2	 11	 2
7.310929415e+03	 1	 78	 110	 3	 11	 2
7.311041435e+03	 1	 32	 32	 4	 11	 2
7.311185420e+03	 1	 80	 112	 5	 11	 2
7.311273468e+03	 1	 69	 101	 6	 11	 2
7.311441427e+03	 1	 69	 101	 7	 11	 2
7.311505438e+03	 1	 76	 108	 8	 11	 2
7.311617451e+03	 1	 32	 32	 9	 11	 2
7.311753439e+03	 1	 80	 112	 10	 11	 2
7.311857438e+03	 1	 65	 97	 11	 11	 2
7.311969433e+03	 1	 67	 99	 12	 11	 2
7.312065420e+03	 1	 75	 107	 13	 11	 2
7.312145416e+03	 1	 32	 32	 14	 11	 2
7.312529422e+03	 1	 70	 102	 15	 11	 2
7.312649421e+03	 1	 73	 105	 16	 11	 2
7.312745383e+03	 1	 83	 115	 17	 11	 2
7.312857421e+03	 1	 84	 116	 18	 11	 2
7.313025411e+03	 1	 13	 13	 19	 11	 2
7.316385353e+03	 1	 70	 102	 1	 11	 3
7.316529319e+03	 1	 85	 117	 2	 11	 3
7.316721355e+03	 1	 78	 110	 3	 11	 3
7.316969316e+03	 1	 32	 32	 4	 11	 3
7.317225305e+03	 1	 80	 112	 5	 11	 3
7.317345299e+03	 1	 69	 101	 6	 11	 3
7.317545295e+03	 1	 69	 101	 7	 11	 3
7.317681295e+03	 1	 76	 108	 8	 11	 3
7.317825309e+03	 1	 32	 32	 9	 11	 3
7.318129309e+03	 1	 32	 32	 10	 11	 3
7.318353297e+03	 1	 80	 112	 11	 11	 3
7.318793266e+03	 1	 76	 108	 12	 11	 3
7.318865276e+03	 1	 65	 97	 13	 11	 3
7.319033269e+03	 1	 67	 99	 14	 11	 3
7.319721262e+03	 1	 32	 32	 15	 11	 3
7.320025216e+03	 1	 70	 102	 16	 11	 3
7.320169217e+03	 1	 73	 105	 17	 11	 3
7.320545227e+03	 1	 13	 13	 18	 11	 3
7.323385179e+03	 1	 70	 102	 1	 11	 4
7.323473175e+03	 1	 85	 117	 2	 11	 4
7.323633135e+03	 1	 78	 110	 3	 11	 4
7.323745165e+03	 1	 32	 32	 4	 11	 4
7.324081120e+03	 1	 80	 112	 5	 11	 4
7.324185151e+03	 1	 69	 101	 6	 11	 4
7.324369124e+03	 1	 69	 101	 7	 11	 4
7.324417131e+03	 1	 76	 108	 8	 11	 4
7.324521105e+03	 1	 32	 32	 9	 11	 4
7.324673130e+03	 1	 80	 112	 10	 11	 4
7.324777145e+03	 1	 65	 97	 11	 11	 4
7.324889157e+03	 1	 67	 99	 12	 11	 4
7.324993120e+03	 1	 75	 107	 13	 11	 4
7.325057113e+03	 1	 32	 32	 14	 11	 4
7.325281124e+03	 1	 70	 102	 15	 11	 4
7.325425098e+03	 1	 73	 105	 16	 11	 4
7.325497099e+03	 1	 83	 115	 17	 11	 4
7.325601117e+03	 1	 84	 116	 18	 11	 4
7.325745091e+03	 1	 13	 13	 19	 11	 4
7.366008199e+03	 1	 66	 98	 1	 12	 1
7.366136152e+03	 1	 85	 117	 2	 12	 1
7.366272175e+03	 1	 78	 110	 3	 12	 1
7.366520165e+03	 1	 32	 32	 4	 12	 1
7.366688133e+03	 1	 87	 119	 5	 12	 1
7.366872157e+03	 1	 65	 97	 6	 12	 1
7.367320148e+03	 1	 88	 120	 7	 12	 1
7.367648126e+03	 1	 32	 32	 8	 12	 1
7.367944131e+03	 1	 87	 119	 9	 12	 1
7.368168113e+03	 1	 69	 101	 10	 12	 1
7.368376139e+03	 1	 84	 116	 11	 12	 1
7.368480100e+03	 1	 32	 32	 12	 12	 1
7.368648116e+03	 1	 66	 98	 13	 12	 1
7.368688063e+03	 1	 69	 101	 14	 12	 1
7.368880120e+03	 1	 68	 100	 15	 12	 1
7.369024108e+03	 1	 13	 13	 16	 12	 1
7.371800057e+03	 1	 66	 98	 1	 12	 2
7.371936039e+03	 1	 85	 117	 2	 12	 2
7.372112035e+03	 1	 78	 110	 3	 12	 2
7.372280013e+03	 1	 32	 32	 4	 12	 2
7.372496028e+03	 1	 69	 101	 5	 12	 2
7.372712021e+03	 1	 65	 97	 6	 12	 2
7.372920043e+03	 1	 88	 120	 7	 12	 2
7.373128013e+03	 1	 32	 32	 8	 12	 2
7.373311990e+03	 1	 87	 119	 9	 12	 2
7.373568001e+03	 1	 65	 97	 10	 12	 2
7.373775984e+03	 1	 84	 116	 11	 12	 2
7.373919979e+03	 1	 32	 32	 12	 12	 2
7.374199985e+03	 1	 66	 98	 13	 12	 2
7.374303959e+03	 1	 69	 101	 14	 12	 2
7.374511957e+03	 1	 84	 116	 15	 12	 2
7.375047967e+03	 1	 8	 8	 16	 12	 2
7.375191962e+03	 1	 68	 100	 17	 12	 2
7.375311958e+03	 1	 13	 13	 18	 12	 2
7.378279916e+03	 1	 66	 98	 1	 12	 3
7.378471900e+03	 1	 85	 117	 2	 12	 3
7.378647894e+03	 1	 78	 110	 3	 12	 3
7.378751892e+03	 1	 32	 32	 4	 12	 3
7.378951884e+03	 1	 87	 119	 5	 12	 3
7.379175894e+03	 1	 65	 97	 6	 12	 3
7.379391849e+03	 1	 88	 120	 7	 12	 3
7.379591850e+03	 1	 32	 32	 8	 12	 3
7.379887862e+03	 1	 87	 119	 9	 12	 3
7.380111855e+03	 1	 69	 101	 10	 12	 3
7.380335853e+03	 1	 84	 116	 11	 12	 3
7.380439829e+03	 1	 32	 32	 12	 12	 3
7.380631814e+03	 1	 66	 98	 13	 12	 3
7.380743804e+03	 1	 69	 101	 14	 12	 3
7.380943838e+03	 1	 68	 100	 15	 12	 3
7.381199825e+03	 1	 13	 13	 16	 12	 3
7.384079768e+03	 1	 66	 98	 1	 12	 4
7.384279752e+03	 1	 85	 117	 2	 12	 4
7.384471749e+03	 1	 78	 110	 3	 12	 4
7.384575728e+03	 1	 32	 32	 4	 12	 4
7.384735713e+03	 1	 87	 119	 5	 12	 4
7.384943725e+03	 1	 65	 97	 6	 12	 4
7.385159721e+03	 1	 88	 120	 7	 12	 4
7.385359714e+03	 1	 32	 32	 8	 12	 4
7.385631679e+03	 1	 87	 119	 9	 12	 4
7.385951737e+03	 1	 69	 101	 10	 12	 4
7.386167699e+03	 1	 84	 116	 11	 12	 4
7.386343673e+03	 1	 32	 32	 12	 12	 4
7.386615699e+03	 1	 66	 98	 13	 12	 4
7.386727667e+03	 1	 69	 101	 14	 12	 4
7.386919691e+03	 1	 68	 100	 15	 12	 4
7.387119698e+03	 1	 13	 13	 16	 12	 4
7.424390833e+03	 1	 83	 115	 1	 13	 1
7.424590814e+03	 1	 87	 119	 2	 13	 1
7.424726810e+03	 1	 85	 117	 3	 13	 1
7.424926793e+03	 1	 77	 109	 4	 13	 1
7.425030784e+03	 1	 32	 32	 5	 13	 1
7.425182773e+03	 1	 84	 116	 6	 13	 1
7.425254815e+03	 1	 79	 111	 7	 13	 1
7.425438795e+03	 1	 89	 121	 8	 13	 1
7.425574792e+03	 1	 32	 32	 9	 13	 1
7.425622797e+03	 1	 84	 116	 10	 13	 1
7.425742775e+03	 1	 73	 105	 11	 13	 1
7.425878799e+03	 1	 76	 108	 12	 13	 1
7.425958759e+03	 1	 69	 101	 13	 13	 1
7.426062724e+03	 1	 32	 32	 14	 13	 1
7.426166752e+03	 1	 83	 115	 15	 13	 1
7.426342759e+03	 1	 65	 97	 16	 13	 1
7.426438779e+03	 1	 78	 110	 17	 13	 1
7.426566741e+03	 1	 69	 101	 18	 13	 1
7.426678736e+03	 1	 13	 13	 19	 13	 1
7.430366698e+03	 1	 83	 115	 1	 13	 2
7.430574687e+03	 1	 87	 119	 2	 13	 2
7.430678677e+03	 1	 85	 117	 3	 13	 2
7.430878647e+03	 1	 77	 109	 4	 13	 2
7.431006601e+03	 1	 32	 32	 5	 13	 2
7.431190638e+03	 1	 84	 116	 6	 13	 2
7.431302638e+03	 1	 79	 111	 7	 13	 2
7.431478652e+03	 1	 89	 121	 8	 13	 2
7.431622636e+03	 1	 32	 32	 9	 13	 2
7.431726648e+03	 1	 84	 116	 10	 13	 2
7.431862643e+03	 1	 73	 105	 11	 13	 2
7.432046638e+03	 1	 76	 108	 12	 13	 2
7.432142619e+03	 1	 69	 101	 13	 13	 2
7.432254636e+03	 1	 32	 32	 14	 13	 2
7.432382602e+03	 1	 83	 115	 15	 13	 2
7.432590626e+03	 1	 65	 97	 16	 13	 2
7.432758609e+03	 1	 77	 109	 17	 13	 2
7.432758609e+03	 1	 78	 110	 18	 13	 2
7.432918583e+03	 1	 69	 101	 19	 13	 2
7.433734585e+03	 1	 13	 13	 20	 13	 2
7.436590545e+03	 1	 83	 115	 1	 13	 3
7.436806509e+03	 1	 87	 119	 2	 13	 3
7.437046526e+03	 1	 85	 117	 3	 13	 3
7.437454518e+03	 1	 77	 109	 4	 13	 3
7.437678509e+03	 1	 32	 32	 5	 13	 3
7.437910490e+03	 1	 84	 116	 6	 13	 3
7.438022502e+03	 1	 79	 111	 7	 13	 3
7.438174481e+03	 1	 89	 121	 8	 13	 3
7.438326492e+03	 1	 32	 32	 9	 13	 3
7.438462489e+03	 1	 84	 116	 10	 13	 3
7.438534490e+03	 1	 73	 105	 11	 13	 3
7.438678453e+03	 1	 76	 108	 12	 13	 3
7.438774476e+03	 1	 69	 101	 13	 13	 3
7.438894479e+03	 1	 32	 32	 14	 13	 3
7.438998451e+03	 1	 83	 115	 15	 13	 3
7.439230472e+03	 1	 65	 97	 16	 13	 3
7.439438466e+03	 1	 78	 110	 17	 13	 3
7.439606453e+03	 1	 69	 101	 18	 13	 3
7.439894448e+03	 1	 13	 13	 19	 13	 3
7.442750401e+03	 1	 83	 115	 1	 13	 4
7.442950397e+03	 1	 87	 119	 2	 13	 4
7.443094371e+03	 1	 85	 117	 3	 13	 4
7.443278366e+03	 1	 77	 109	 4	 13	 4
7.443398367e+03	 1	 32	 32	 5	 13	 4
7.443550342e+03	 1	 84	 116	 6	 13	 4
7.443638371e+03	 1	 79	 111	 7	 13	 4
7.443862362e+03	 1	 89	 121	 8	 13	 4
7.444262362e+03	 1	 32	 32	 9	 13	 4
7.444414333e+03	 1	 84	 116	 10	 13	 4
7.444622336e+03	 1	 73	 105	 11	 13	 4
7.444958339e+03	 1	 76	 108	 12	 13	 4
7.445118335e+03	 1	 69	 101	 13	 13	 4
7.445462329e+03	 1	 32	 32	 14	 13	 4
7.445542329e+03	 1	 83	 115	 15	 13	 4
7.445726320e+03	 1	 65	 97	 16	 13	 4
7.445958316e+03	 1	 69	 101	 17	 13	 4
7.446430309e+03	 1	 13	 13	 18	 13	 4
7.480565526e+03	 1	 72	 104	 1	 14	 1
7.480701508e+03	 1	 69	 101	 2	 14	 1
7.480789496e+03	 1	 78	 110	 3	 14	 1
7.480909502e+03	 1	 32	 32	 4	 14	 1
7.481005488e+03	 1	 84	 116	 5	 14	 1
7.481141475e+03	 1	 73	 105	 6	 14	 1
7.481277493e+03	 1	 67	 99	 7	 14	 1
7.481453496e+03	 1	 32	 32	 8	 14	 1
7.481773489e+03	 1	 84	 116	 9	 14	 1
7.481885473e+03	 1	 73	 105	 10	 14	 1
7.482061476e+03	 1	 78	 110	 11	 14	 1
7.482205445e+03	 1	 32	 32	 12	 14	 1
7.482461453e+03	 1	 72	 104	 13	 14	 1
7.482621460e+03	 1	 65	 97	 14	 14	 1
7.482765446e+03	 1	 80	 112	 15	 14	 1
7.483005421e+03	 1	 13	 13	 16	 14	 1
7.486533374e+03	 1	 72	 104	 1	 14	 2
7.486653357e+03	 1	 69	 101	 2	 14	 2
7.486749356e+03	 1	 78	 110	 3	 14	 2
7.486853342e+03	 1	 32	 32	 4	 14	 2
7.486941348e+03	 1	 84	 116	 5	 14	 2
7.487069327e+03	 1	 73	 105	 6	 14	 2
7.487213355e+03	 1	 67	 99	 7	 14	 2
7.487317333e+03	 1	 32	 32	 8	 14	 2
7.487509366e+03	 1	 84	 116	 9	 14	 2
7.487605347e+03	 1	 73	 105	 10	 14	 2
7.487765384e+03	 1	 78	 110	 11	 14	 2
7.487861308e+03	 1	 32	 32	 12	 14	 2
7.488021305e+03	 1	 72	 104	 13	 14	 2
7.488149313e+03	 1	 65	 97	 14	 14	 2
7.488293325e+03	 1	 219	 91	 15	 14	 2
7.489005269e+03	 1	 13	 13	 16	 14	 2
7.492501247e+03	 1	 72	 104	 1	 14	 3
7.492621208e+03	 1	 69	 101	 2	 14	 3
7.492725231e+03	 1	 78	 110	 3	 14	 3
7.492845228e+03	 1	 32	 32	 4	 14	 3
7.492965178e+03	 1	 84	 116	 5	 14	 3
7.493069237e+03	 1	 73	 105	 6	 14	 3
7.493245218e+03	 1	 67	 99	 7	 14	 3
7.493333217e+03	 1	 32	 32	 8	 14	 3
7.493533185e+03	 1	 67	 99	 9	 14	 3
7.493605207e+03	 1	 73	 105	 10	 14	 3
7.493805201e+03	 1	 78	 110	 11	 14	 3
7.494445193e+03	 1	 32	 32	 12	 14	 3
7.494781181e+03	 1	 72	 104	 13	 14	 3
7.494989161e+03	 1	 65	 97	 14	 14	 3
7.495149149e+03	 1	 80	 112	 15	 14	 3
7.495389165e+03	 1	 13	 13	 16	 14	 3
7.498405105e+03	 1	 72	 104	 1	 14	 4
7.498509070e+03	 1	 69	 101	 2	 14	 4
7.498629093e+03	 1	 78	 110	 3	 14	 4
7.498733089e+03	 1	 32	 32	 4	 14	 4
7.498853054e+03	 1	 84	 116	 5	 14	 4
7.498957052e+03	 1	 73	 105	 6	 14	 4
7.499109077e+03	 1	 67	 99	 7	 14	 4
7.499237073e+03	 1	 32	 32	 8	 14	 4
7.499421060e+03	 1	 84	 116	 9	 14	 4
7.499781053e+03	 1	 73	 105	 10	 14	 4
7.499981059e+03	 1	 78	 110	 11	 14	 4
7.500165055e+03	 1	 32	 32	 12	 14	 4
7.500333049e+03	 1	 72	 104	 13	 14	 4
7.500493024e+03	 1	 65	 97	 14	 14	 4
7.500605019e+03	 1	 80	 112	 15	 14	 4
7.500957036e+03	 1	 13	 13	 16	 14	 4
7.539412160e+03	 1	 77	 109	 1	 15	 1
7.539548115e+03	 1	 65	 97	 2	 15	 1
7.539628088e+03	 1	 75	 107	 3	 15	 1
7.539764105e+03	 1	 69	 101	 4	 15	 1
7.539860111e+03	 1	 32	 32	 5	 15	 1
7.539972098e+03	 1	 82	 114	 6	 15	 1
7.540084127e+03	 1	 73	 105	 7	 15	 1
7.540204091e+03	 1	 68	 100	 8	 15	 1
7.540292121e+03	 1	 32	 32	 9	 15	 1
7.540460093e+03	 1	 82	 114	 10	 15	 1
7.540612111e+03	 1	 79	 111	 11	 15	 1
7.540772096e+03	 1	 79	 111	 12	 15	 1
7.540884086e+03	 1	 70	 102	 13	 15	 1
7.540964091e+03	 1	 32	 32	 14	 15	 1
7.541068071e+03	 1	 77	 109	 15	 15	 1
7.541212097e+03	 1	 69	 101	 16	 15	 1
7.541380094e+03	 1	 69	 101	 17	 15	 1
7.541556089e+03	 1	 84	 116	 18	 15	 1
7.541772086e+03	 1	 13	 13	 19	 15	 1
7.545348015e+03	 1	 77	 109	 1	 15	 2
7.545475977e+03	 1	 65	 97	 2	 15	 2
7.545572001e+03	 1	 75	 107	 3	 15	 2
7.545683985e+03	 1	 69	 101	 4	 15	 2
7.545803964e+03	 1	 32	 32	 5	 15	 2
7.545931987e+03	 1	 82	 114	 6	 15	 2
7.546067994e+03	 1	 73	 105	 7	 15	 2
7.546163984e+03	 1	 68	 100	 8	 15	 2
7.546267980e+03	 1	 32	 32	 9	 15	 2
7.546539962e+03	 1	 82	 114	 10	 15	 2
7.546715969e+03	 1	 79	 111	 11	 15	 2
7.546867967e+03	 1	 79	 111	 12	 15	 2
7.547019939e+03	 1	 70	 102	 13	 15	 2
7.547187959e+03	 1	 32	 32	 14	 15	 2
7.547307926e+03	 1	 77	 109	 15	 15	 2
7.547419953e+03	 1	 69	 101	 16	 15	 2
7.547595949e+03	 1	 69	 101	 17	 15	 2
7.547723920e+03	 1	 84	 116	 18	 15	 2
7.547851927e+03	 1	 13	 13	 19	 15	 2
7.551547884e+03	 1	 77	 109	 1	 15	 3
7.551651872e+03	 1	 65	 97	 2	 15	 3
7.551747864e+03	 1	 75	 107	 3	 15	 3
7.551859861e+03	 1	 69	 101	 4	 15	 3
7.551971817e+03	 1	 32	 32	 5	 15	 3
7.552099855e+03	 1	 82	 114	 6	 15	 3
7.552195833e+03	 1	 73	 105	 7	 15	 3
7.552331818e+03	 1	 68	 100	 8	 15	 3
7.552435838e+03	 1	 32	 32	 9	 15	 3
7.552595832e+03	 1	 82	 114	 10	 15	 3
7.552731802e+03	 1	 79	 111	 11	 15	 3
7.552875808e+03	 1	 79	 111	 12	 15	 3
7.553043778e+03	 1	 70	 102	 13	 15	 3
7.553219821e+03	 1	 32	 32	 14	 15	 3
7.553395784e+03	 1	 77	 109	 15	 15	 3
7.553539812e+03	 1	 69	 101	 16	 15	 3
7.553707808e+03	 1	 69	 101	 17	 15	 3
7.553851782e+03	 1	 84	 116	 18	 15	 3
7.553971785e+03	 1	 13	 13	 19	 15	 3
7.557107740e+03	 1	 77	 109	 1	 15	 4
7.557259701e+03	 1	 65	 97	 2	 15	 4
7.557323728e+03	 1	 75	 107	 3	 15	 4
7.557451700e+03	 1	 69	 101	 4	 15	 4
7.557563691e+03	 1	 32	 32	 5	 15	 4
7.557699713e+03	 1	 82	 114	 6	 15	 4
7.557795715e+03	 1	 73	 105	 7	 15	 4
7.557923679e+03	 1	 68	 100	 8	 15	 4
7.558027711e+03	 1	 32	 32	 9	 15	 4
7.558371678e+03	 1	 82	 114	 10	 15	 4
7.558555682e+03	 1	 79	 111	 11	 15	 4
7.558723678e+03	 1	 79	 111	 12	 15	 4
7.559107682e+03	 1	 70	 102	 13	 15	 4
7.559395675e+03	 1	 32	 32	 14	 15	 4
7.559531672e+03	 1	 77	 109	 15	 15	 4
7.559675656e+03	 1	 69	 101	 16	 15	 4
7.559835652e+03	 1	 69	 101	 17	 15	 4
7.559955650e+03	 1	 84	 116	 18	 15	 4
7.560115635e+03	 1	 13	 13	 19	 15	 4
7.596602832e+03	 1	 80	 112	 1	 16	 1
7.596786776e+03	 1	 73	 105	 2	 16	 1
7.596922851e+03	 1	 84	 116	 3	 16	 1
7.597026850e+03	 1	 32	 32	 4	 16	 1
7.597186776e+03	 1	 72	 104	 5	 16	 1
7.597314800e+03	 1	 85	 117	 6	 16	 1
7.597490778e+03	 1	 78	 110	 7	 16	 1
7.597578793e+03	 1	 71	 103	 8	 16	 1
7.597690750e+03	 1	 32	 32	 9	 16	 1
7.597898752e+03	 1	 72	 104	 10	 16	 1
7.597978791e+03	 1	 69	 101	 11	 16	 1
7.598154743e+03	 1	 65	 97	 12	 16	 1
7.598242748e+03	 1	 68	 100	 13	 16	 1
7.598354757e+03	 1	 32	 32	 14	 16	 1
7.598490737e+03	 1	 66	 98	 15	 16	 1
7.598562774e+03	 1	 69	 101	 16	 16	 1
7.598746768e+03	 1	 65	 97	 17	 16	 1
7.598826764e+03	 1	 82	 114	 18	 16	 1
7.599194749e+03	 1	 80	 112	 19	 16	 1
7.599770739e+03	 1	 8	 8	 20	 16	 1
7.600010730e+03	 1	 13	 13	 21	 16	 1
7.602890678e+03	 1	 80	 112	 1	 16	 2
7.603098659e+03	 1	 73	 105	 2	 16	 2
7.603186636e+03	 1	 84	 116	 3	 16	 2
7.603290654e+03	 1	 32	 32	 4	 16	 2
7.603434628e+03	 1	 72	 104	 5	 16	 2
7.603522638e+03	 1	 85	 117	 6	 16	 2
7.603690614e+03	 1	 78	 110	 7	 16	 2
7.603778643e+03	 1	 71	 103	 8	 16	 2
7.603874616e+03	 1	 32	 32	 9	 16	 2
7.604018613e+03	 1	 72	 104	 10	 16	 2
7.604082624e+03	 1	 69	 101	 11	 16	 2
7.604234607e+03	 1	 65	 97	 12	 16	 2
7.604346611e+03	 1	 68	 100	 13	 16	 2
7.604434627e+03	 1	 32	 32	 14	 16	 2
7.604586622e+03	 1	 80	 112	 15	 16	 2
7.604706622e+03	 1	 69	 101	 16	 16	 2
7.604874593e+03	 1	 65	 97	 17	 16	 2
7.604946604e+03	 1	 82	 114	 18	 16	 2
7.605162597e+03	 1	 13	 13	 19	 16	 2
7.608946544e+03	 1	 80	 112	 1	 16	 3
7.609426509e+03	 1	 73	 105	 2	 16	 3
7.609530520e+03	 1	 82	 114	 3	 16	 3
7.609722480e+03	 1	 32	 32	 4	 16	 3
7.609946500e+03	 1	 72	 104	 5	 16	 3
7.610098421e+03	 1	 85	 117	 6	 16	 3
7.610098421e+03	 1	 73	 105	 7	 16	 3
7.610242461e+03	 1	 78	 110	 8	 16	 3
7.610738453e+03	 1	 71	 103	 9	 16	 3
7.610954476e+03	 1	 32	 32	 10	 16	 3
7.611122462e+03	 1	 72	 104	 11	 16	 3
7.611234471e+03	 1	 69	 101	 12	 16	 3
7.611378470e+03	 1	 65	 97	 13	 16	 3
7.611466460e+03	 1	 68	 100	 14	 16	 3
7.611562458e+03	 1	 32	 32	 15	 16	 3
7.611762457e+03	 1	 80	 112	 16	 16	 3
7.611874450e+03	 1	 69	 101	 17	 16	 3
7.612034429e+03	 1	 65	 97	 18	 16	 3
7.612090469e+03	 1	 82	 114	 19	 16	 3
7.612234434e+03	 1	 13	 13	 20	 16	 3
7.615050385e+03	 1	 80	 112	 1	 16	 4
7.615354373e+03	 1	 73	 105	 2	 16	 4
7.615994353e+03	 1	 84	 116	 3	 16	 4
7.616162333e+03	 1	 32	 32	 4	 16	 4
7.616346349e+03	 1	 72	 104	 5	 16	 4
7.616466319e+03	 1	 85	 117	 6	 16	 4
7.616626329e+03	 1	 78	 110	 7	 16	 4
7.616714331e+03	 1	 71	 103	 8	 16	 4
7.616794337e+03	 1	 32	 32	 9	 16	 4
7.616962321e+03	 1	 72	 104	 10	 16	 4
7.616986335e+03	 1	 69	 101	 11	 16	 4
7.617162329e+03	 1	 65	 97	 12	 16	 4
7.617258330e+03	 1	 68	 100	 13	 16	 4
7.617370324e+03	 1	 32	 32	 14	 16	 4
7.617570320e+03	 1	 80	 112	 15	 16	 4
7.617658321e+03	 1	 69	 101	 16	 16	 4
7.617810285e+03	 1	 65	 97	 17	 16	 4
7.617874293e+03	 1	 82	 114	 18	 16	 4
7.618050286e+03	 1	 13	 13	 19	 16	 4
7.654697469e+03	 1	 80	 112	 1	 17	 1
7.654865432e+03	 1	 65	 97	 2	 17	 1
7.655009422e+03	 1	 67	 99	 3	 17	 1
7.655249446e+03	 1	 84	 116	 4	 17	 1
7.655337432e+03	 1	 32	 32	 5	 17	 1
7.655481423e+03	 1	 82	 114	 6	 17	 1
7.655585439e+03	 1	 85	 117	 7	 17	 1
7.655753418e+03	 1	 78	 110	 8	 17	 1
7.655801433e+03	 1	 71	 103	 9	 17	 1
7.655905407e+03	 1	 32	 32	 10	 17	 1
7.656057393e+03	 1	 82	 114	 11	 17	 1
7.656177423e+03	 1	 79	 111	 12	 17	 1
7.656313396e+03	 1	 68	 100	 13	 17	 1
7.656433404e+03	 1	 69	 101	 14	 17	 1
7.656633410e+03	 1	 32	 32	 15	 17	 1
7.656817407e+03	 1	 80	 112	 16	 17	 1
7.657081400e+03	 1	 79	 111	 17	 17	 1
7.657113402e+03	 1	 73	 105	 18	 17	 1
7.657553392e+03	 1	 75	 107	 19	 17	 1
7.657729385e+03	 1	 69	 101	 20	 17	 1
7.657833390e+03	 1	 13	 13	 21	 17	 1
7.660577338e+03	 1	 80	 112	 1	 17	 2
7.660721295e+03	 1	 65	 97	 2	 17	 2
7.660865302e+03	 1	 67	 99	 3	 17	 2
7.661073320e+03	 1	 84	 116	 4	 17	 2
7.661185279e+03	 1	 32	 32	 5	 17	 2
7.661313278e+03	 1	 82	 114	 6	 17	 2
7.661401303e+03	 1	 85	 117	 7	 17	 2
7.662193308e+03	 1	 78	 110	 8	 17	 2
7.662569258e+03	 1	 71	 103	 9	 17	 2
7.662777269e+03	 1	 32	 32	 10	 17	 2
7.663577254e+03	 1	 82	 114	 11	 17	 2
7.663817245e+03	 1	 186	 59	 12	 17	 2
7.664961226e+03	 1	 8	 8	 13	 17	 2
7.665265210e+03	 1	 79	 111	 14	 17	 2
7.665433207e+03	 1	 68	 100	 15	 17	 2
7.665561207e+03	 1	 69	 101	 16	 17	 2
7.665705187e+03	 1	 32	 32	 17	 17	 2
7.666177188e+03	 1	 13	 13	 18	 17	 2
7.668953148e+03	 1	 80	 112	 1	 17	 3
7.669105110e+03	 1	 65	 97	 2	 17	 3
7.669273096e+03	 1	 67	 99	 3	 17	 3
7.669481115e+03	 1	 84	 116	 4	 17	 3
7.669585117e+03	 1	 32	 32	 5	 17	 3
7.669777049e+03	 1	 82	 114	 6	 17	 3
7.669873091e+03	 1	 85	 117	 7	 17	 3
7.670025078e+03	 1	 78	 110	 8	 17	 3
7.670105089e+03	 1	 71	 103	 9	 17	 3
7.670225116e+03	 1	 32	 32	 10	 17	 3
7.670385072e+03	 1	 82	 114	 11	 17	 3
7.670665086e+03	 1	 79	 111	 12	 17	 3
7.671057067e+03	 1	 68	 100	 13	 17	 3
7.671289049e+03	 1	 69	 101	 14	 17	 3
7.671425055e+03	 1	 32	 32	 15	 17	 3
7.671577041e+03	 1	 80	 112	 16	 17	 3
7.671793049e+03	 1	 73	 105	 17	 17	 3
7.672001043e+03	 1	 75	 107	 18	 17	 3
7.672097052e+03	 1	 69	 101	 19	 17	 3
7.672537041e+03	 1	 13	 13	 20	 17	 3
7.675489007e+03	 1	 80	 112	 1	 17	 4
7.675712971e+03	 1	 65	 97	 2	 17	 4
7.675896952e+03	 1	 67	 99	 3	 17	 4
7.676104954e+03	 1	 84	 116	 4	 17	 4
7.676200970e+03	 1	 32	 32	 5	 17	 4
7.676432972e+03	 1	 82	 114	 6	 17	 4
7.676608954e+03	 1	 85	 117	 7	 17	 4
7.676768917e+03	 1	 78	 110	 8	 17	 4
7.676840930e+03	 1	 71	 103	 9	 17	 4
7.676960937e+03	 1	 32	 32	 10	 17	 4
7.677104933e+03	 1	 82	 114	 11	 17	 4
7.677208936e+03	 1	 79	 111	 12	 17	 4
7.677384927e+03	 1	 65	 97	 13	 17	 4
7.677560924e+03	 1	 68	 100	 14	 17	 4
7.677696896e+03	 1	 32	 32	 15	 17	 4
7.677960916e+03	 1	 80	 112	 16	 17	 4
7.678568904e+03	 1	 79	 111	 17	 17	 4
7.678736884e+03	 1	 75	 107	 18	 17	 4
7.678840886e+03	 1	 69	 101	 19	 17	 4
7.678984863e+03	 1	 13	 13	 20	 17	 4
7.723559810e+03	 1	 82	 114	 1	 18	 1
7.723623890e+03	 1	 73	 105	 2	 18	 1
7.723823849e+03	 1	 66	 98	 3	 18	 1
7.723951819e+03	 1	 32	 32	 4	 18	 1
7.724191827e+03	 1	 77	 109	 5	 18	 1
7.724415801e+03	 1	 79	 111	 6	 18	 1
7.724543810e+03	 1	 80	 112	 7	 18	 1
7.724623828e+03	 1	 32	 32	 8	 18	 1
7.724791823e+03	 1	 77	 109	 9	 18	 1
7.724951821e+03	 1	 85	 117	 10	 18	 1
7.725119816e+03	 1	 68	 100	 11	 18	 1
7.725239787e+03	 1	 32	 32	 12	 18	 1
7.725455798e+03	 1	 82	 114	 13	 18	 1
7.725695803e+03	 1	 73	 105	 14	 18	 1
7.725823800e+03	 1	 71	 103	 15	 18	 1
7.726527775e+03	 1	 13	 13	 16	 18	 1
7.729471737e+03	 1	 82	 114	 1	 18	 2
7.729679723e+03	 1	 73	 105	 2	 18	 2
7.729879698e+03	 1	 66	 98	 3	 18	 2
7.730031669e+03	 1	 32	 32	 4	 18	 2
7.730175717e+03	 1	 77	 109	 5	 18	 2
7.730423681e+03	 1	 79	 111	 6	 18	 2
7.730647680e+03	 1	 80	 112	 7	 18	 2
7.730799674e+03	 1	 32	 32	 8	 18	 2
7.730983682e+03	 1	 77	 109	 9	 18	 2
7.731151655e+03	 1	 85	 117	 10	 18	 2
7.731407651e+03	 1	 68	 100	 11	 18	 2
7.731631667e+03	 1	 32	 32	 12	 18	 2
7.731927638e+03	 1	 82	 114	 13	 18	 2
7.732191652e+03	 1	 85	 117	 14	 18	 2
7.732375649e+03	 1	 71	 103	 15	 18	 2
7.732623634e+03	 1	 13	 13	 16	 18	 2
7.735495592e+03	 1	 82	 114	 1	 18	 3
7.735607562e+03	 1	 73	 105	 2	 18	 3
7.735807548e+03	 1	 66	 98	 3	 18	 3
7.735951552e+03	 1	 32	 32	 4	 18	 3
7.736215537e+03	 1	 77	 109	 5	 18	 3
7.736479549e+03	 1	 79	 111	 6	 18	 3
7.736759530e+03	 1	 80	 112	 7	 18	 3
7.736999522e+03	 1	 32	 32	 8	 18	 3
7.737239492e+03	 1	 77	 109	 9	 18	 3
7.737431516e+03	 1	 85	 117	 10	 18	 3
7.737599539e+03	 1	 68	 100	 11	 18	 3
7.737855539e+03	 1	 32	 32	 12	 18	 3
7.738031503e+03	 1	 82	 114	 13	 18	 3
7.738231502e+03	 1	 73	 105	 14	 18	 3
7.738647480e+03	 1	 71	 103	 15	 18	 3
7.738991483e+03	 1	 13	 13	 16	 18	 3
7.742199432e+03	 1	 82	 114	 1	 18	 4
7.742335417e+03	 1	 73	 105	 2	 18	 4
7.742535391e+03	 1	 66	 98	 3	 18	 4
7.742671409e+03	 1	 32	 32	 4	 18	 4
7.742799382e+03	 1	 77	 109	 5	 18	 4
7.743047399e+03	 1	 79	 111	 6	 18	 4
7.743183400e+03	 1	 80	 112	 7	 18	 4
7.743287394e+03	 1	 32	 32	 8	 18	 4
7.743511377e+03	 1	 77	 109	 9	 18	 4
7.743647387e+03	 1	 85	 117	 10	 18	 4
7.743847370e+03	 1	 68	 100	 11	 18	 4
7.743983350e+03	 1	 32	 32	 12	 18	 4
7.744215352e+03	 1	 82	 114	 13	 18	 4
7.744423369e+03	 1	 85	 117	 14	 18	 4
7.744631363e+03	 1	 71	 103	 15	 18	 4
7.745039342e+03	 1	 13	 13	 16	 18	 4
7.783542420e+03	 1	 66	 98	 1	 19	 1
7.783806476e+03	 1	 73	 105	 2	 19	 1
7.783910396e+03	 1	 82	 114	 3	 19	 1
7.784102428e+03	 1	 68	 100	 4	 19	 1
7.784166411e+03	 1	 32	 32	 5	 19	 1
7.784350403e+03	 1	 84	 116	 6	 19	 1
7.784438390e+03	 1	 85	 117	 7	 19	 1
7.784614409e+03	 1	 67	 99	 8	 19	 1
7.784670416e+03	 1	 75	 107	 9	 19	 1
7.784806354e+03	 1	 32	 32	 10	 19	 1
7.784926466e+03	 1	 84	 116	 11	 19	 1
7.785030403e+03	 1	 69	 101	 12	 19	 1
7.785214391e+03	 1	 65	 97	 13	 19	 1
7.785270431e+03	 1	 76	 108	 14	 19	 1
7.785366425e+03	 1	 32	 32	 15	 19	 1
7.785510388e+03	 1	 66	 98	 16	 19	 1
7.785662417e+03	 1	 79	 111	 17	 19	 1
7.785798395e+03	 1	 79	 111	 18	 19	 1
7.785902404e+03	 1	 77	 109	 19	 19	 1
7.786030399e+03	 1	 13	 13	 20	 19	 1
7.789318298e+03	 1	 66	 98	 1	 19	 2
7.789470320e+03	 1	 85	 117	 2	 19	 2
7.789542252e+03	 1	 82	 114	 3	 19	 2
7.789726331e+03	 1	 68	 100	 4	 19	 2
7.789790289e+03	 1	 32	 32	 5	 19	 2
7.789982296e+03	 1	 84	 116	 6	 19	 2
7.790118305e+03	 1	 85	 117	 7	 19	 2
7.790310255e+03	 1	 67	 99	 8	 19	 2
7.790382247e+03	 1	 75	 107	 9	 19	 2
7.790510296e+03	 1	 32	 32	 10	 19	 2
7.790694292e+03	 1	 84	 116	 11	 19	 2
7.790846288e+03	 1	 69	 101	 12	 19	 2
7.791030283e+03	 1	 65	 97	 13	 19	 2
7.791150259e+03	 1	 76	 108	 14	 19	 2
7.791302274e+03	 1	 32	 32	 15	 19	 2
7.791462242e+03	 1	 82	 114	 16	 19	 2
7.791558270e+03	 1	 79	 111	 17	 19	 2
7.791710255e+03	 1	 79	 111	 18	 19	 2
7.791902264e+03	 1	 77	 109	 19	 19	 2
7.792150234e+03	 1	 13	 13	 20	 19	 2
7.795662188e+03	 1	 66	 98	 1	 19	 3
7.795838161e+03	 1	 73	 105	 2	 19	 3
7.795870155e+03	 1	 82	 114	 3	 19	 3
7.796054166e+03	 1	 68	 100	 4	 19	 3
7.796110166e+03	 1	 32	 32	 5	 19	 3
7.796302159e+03	 1	 84	 116	 6	 19	 3
7.796438155e+03	 1	 73	 105	 7	 19	 3
7.796638153e+03	 1	 67	 99	 8	 19	 3
7.796702153e+03	 1	 75	 107	 9	 19	 3
7.796814147e+03	 1	 32	 32	 10	 19	 3
7.797126118e+03	 1	 84	 116	 11	 19	 3
7.797318136e+03	 1	 69	 101	 12	 19	 3
7.797518131e+03	 1	 65	 97	 13	 19	 3
7.797654102e+03	 1	 76	 108	 14	 19	 3
7.797742130e+03	 1	 32	 32	 15	 19	 3
7.798118120e+03	 1	 66	 98	 16	 19	 3
7.798334113e+03	 1	 79	 111	 17	 19	 3
7.798478111e+03	 1	 79	 111	 18	 19	 3
7.798614078e+03	 1	 77	 109	 19	 19	 3
7.798782117e+03	 1	 13	 13	 20	 19	 3
7.801710049e+03	 1	 66	 98	 1	 19	 4
7.801894032e+03	 1	 85	 117	 2	 19	 4
7.802198002e+03	 1	 82	 114	 3	 19	 4
7.802422018e+03	 1	 68	 100	 4	 19	 4
7.802678011e+03	 1	 32	 32	 5	 19	 4
7.802910008e+03	 1	 84	 116	 6	 19	 4
7.803037991e+03	 1	 85	 117	 7	 19	 4
7.803246000e+03	 1	 67	 99	 8	 19	 4
7.803341999e+03	 1	 75	 107	 9	 19	 4
7.803485965e+03	 1	 32	 32	 10	 19	 4
7.803957985e+03	 1	 84	 116	 11	 19	 4
7.804141978e+03	 1	 69	 101	 12	 19	 4
7.804341971e+03	 1	 65	 97	 13	 19	 4
7.804485956e+03	 1	 76	 108	 14	 19	 4
7.804597969e+03	 1	 32	 32	 15	 19	 4
7.804837962e+03	 1	 66	 98	 16	 19	 4
7.804997945e+03	 1	 79	 111	 17	 19	 4
7.805141954e+03	 1	 79	 111	 18	 19	 4
7.805293928e+03	 1	 77	 109	 19	 19	 4
7.805413947e+03	 1	 13	 13	 20	 19	 4
7.838581191e+03	 1	 67	 99	 1	 20	 1
7.838741173e+03	 1	 79	 111	 2	 20	 1
7.838789164e+03	 1	 87	 119	 3	 20	 1
7.838965167e+03	 1	 89	 121	 4	 20	 1
7.839125140e+03	 1	 32	 32	 5	 20	 1
7.839261131e+03	 1	 66	 98	 6	 20	 1
7.839549155e+03	 1	 85	 117	 7	 20	 1
7.839701137e+03	 1	 84	 116	 8	 20	 1
7.839981142e+03	 1	 32	 32	 9	 20	 1
7.840205138e+03	 1	 66	 98	 10	 20	 1
7.840357134e+03	 1	 85	 117	 11	 20	 1
7.840461134e+03	 1	 84	 116	 12	 20	 1
7.840549107e+03	 1	 32	 32	 13	 20	 1
7.840693114e+03	 1	 84	 116	 14	 20	 1
7.841133117e+03	 1	 8	 8	 15	 20	 1
7.841245113e+03	 1	 67	 99	 16	 20	 1
7.841381099e+03	 1	 65	 97	 17	 20	 1
7.841517079e+03	 1	 80	 112	 18	 20	 1
7.841821102e+03	 1	 13	 13	 19	 20	 1
7.844829045e+03	 1	 67	 99	 1	 20	 2
7.844917036e+03	 1	 79	 111	 2	 20	 2
7.845013027e+03	 1	 87	 119	 3	 20	 2
7.845093022e+03	 1	 32	 32	 4	 20	 2
7.845308977e+03	 1	 66	 98	 5	 20	 2
7.845781042e+03	 1	 89	 121	 6	 20	 2
7.846028930e+03	 1	 69	 101	 7	 20	 2
7.846124994e+03	 1	 32	 32	 8	 20	 2
7.846380981e+03	 1	 85	 117	 9	 20	 2
7.846844999e+03	 1	 8	 8	 10	 20	 2
7.847108950e+03	 1	 67	 99	 11	 20	 2
7.847204956e+03	 1	 85	 117	 12	 20	 2
7.847404982e+03	 1	 84	 116	 13	 20	 2
7.847524939e+03	 1	 32	 32	 14	 20	 2
7.847756977e+03	 1	 67	 99	 15	 20	 2
7.847852969e+03	 1	 65	 97	 16	 20	 2
7.848156955e+03	 1	 80	 112	 17	 20	 2
7.848524965e+03	 1	 13	 13	 18	 20	 2
7.851420899e+03	 1	 67	 99	 1	 20	 3
7.851572854e+03	 1	 79	 111	 2	 20	 3
7.851900858e+03	 1	 87	 119	 3	 20	 3
7.852284861e+03	 1	 32	 32	 4	 20	 3
7.852484852e+03	 1	 66	 98	 5	 20	 3
7.852676834e+03	 1	 85	 117	 6	 20	 3
7.852948813e+03	 1	 84	 116	 7	 20	 3
7.852948813e+03	 1	 89	 121	 8	 20	 3
7.853420832e+03	 1	 32	 32	 9	 20	 3
7.853724837e+03	 1	 66	 98	 10	 20	 3
7.853860825e+03	 1	 85	 117	 11	 20	 3
7.853972791e+03	 1	 84	 116	 12	 20	 3
7.854036819e+03	 1	 32	 32	 13	 20	 3
7.854212792e+03	 1	 67	 99	 14	 20	 3
7.854308812e+03	 1	 65	 97	 15	 20	 3
7.854460776e+03	 1	 80	 112	 16	 20	 3
7.854732788e+03	 1	 13	 13	 17	 20	 3
7.857780739e+03	 1	 67	 99	 1	 20	 4
7.857988727e+03	 1	 79	 111	 2	 20	 4
7.858180720e+03	 1	 89	 121	 3	 20	 4
7.858340717e+03	 1	 32	 32	 4	 20	 4
7.858484690e+03	 1	 66	 98	 5	 20	 4
7.858644708e+03	 1	 89	 121	 6	 20	 4
7.858860704e+03	 1	 69	 101	 7	 20	 4
7.859020702e+03	 1	 32	 32	 8	 20	 4
7.859292662e+03	 1	 66	 98	 9	 20	 4
7.859444692e+03	 1	 85	 117	 10	 20	 4
7.859548666e+03	 1	 84	 116	 11	 20	 4
7.859620688e+03	 1	 32	 32	 12	 20	 4
7.859812681e+03	 1	 67	 99	 13	 20	 4
7.860036676e+03	 1	 65	 97	 14	 20	 4
7.860668670e+03	 1	 80	 112	 15	 20	 4
7.860996634e+03	 1	 13	 13	 16	 20	 4
7.894699903e+03	 1	 84	 116	 1	 21	 1
7.894883851e+03	 1	 69	 101	 2	 21	 1
7.894987854e+03	 1	 78	 110	 3	 21	 1
7.895083860e+03	 1	 32	 32	 4	 21	 1
7.895459824e+03	 1	 72	 104	 5	 21	 1
7.895675846e+03	 1	 73	 105	 6	 21	 1
7.895843816e+03	 1	 80	 112	 7	 21	 1
7.895947845e+03	 1	 32	 32	 8	 21	 1
7.896179822e+03	 1	 72	 104	 9	 21	 1
7.896331831e+03	 1	 65	 97	 10	 21	 1
7.896411831e+03	 1	 77	 109	 11	 21	 1
7.896523807e+03	 1	 32	 32	 12	 21	 1
7.896803821e+03	 1	 84	 116	 13	 21	 1
7.897059803e+03	 1	 85	 117	 14	 21	 1
7.897339807e+03	 1	 71	 103	 15	 21	 1
7.897715788e+03	 1	 8	 8	 16	 21	 1
7.897891795e+03	 1	 8	 8	 17	 21	 1
7.898563762e+03	 1	 85	 117	 18	 21	 1
7.898947763e+03	 1	 13	 13	 19	 21	 1
7.901891706e+03	 1	 84	 116	 1	 21	 2
7.902011700e+03	 1	 69	 101	 2	 21	 2
7.902115677e+03	 1	 78	 110	 3	 21	 2
7.902219695e+03	 1	 32	 32	 4	 21	 2
7.902403679e+03	 1	 72	 104	 5	 21	 2
7.902651685e+03	 1	 73	 105	 6	 21	 2
7.903155649e+03	 1	 80	 112	 7	 21	 2
7.903307669e+03	 1	 32	 32	 8	 21	 2
7.903579663e+03	 1	 72	 104	 9	 21	 2
7.903747638e+03	 1	 65	 97	 10	 21	 2
7.904067652e+03	 1	 78	 110	 11	 21	 2
7.904699638e+03	 1	 8	 8	 12	 21	 2
7.904947632e+03	 1	 77	 109	 13	 21	 2
7.905267626e+03	 1	 32	 32	 14	 21	 2
7.905547605e+03	 1	 84	 116	 15	 21	 2
7.905667590e+03	 1	 85	 117	 16	 21	 2
7.905883611e+03	 1	 71	 103	 17	 21	 2
7.905987579e+03	 1	 13	 13	 18	 21	 2
7.908995579e+03	 1	 84	 116	 1	 21	 3
7.909203521e+03	 1	 69	 101	 2	 21	 3
7.909307520e+03	 1	 78	 110	 3	 21	 3
7.909395524e+03	 1	 32	 32	 4	 21	 3
7.909587516e+03	 1	 72	 104	 5	 21	 3
7.909787533e+03	 1	 73	 105	 6	 21	 3
7.909931524e+03	 1	 80	 112	 7	 21	 3
7.910203508e+03	 1	 32	 32	 8	 21	 3
7.910411513e+03	 1	 72	 104	 9	 21	 3
7.910611502e+03	 1	 65	 97	 10	 21	 3
7.910699500e+03	 1	 77	 109	 11	 21	 3
7.910803490e+03	 1	 32	 32	 12	 21	 3
7.910931512e+03	 1	 84	 116	 13	 21	 3
7.911059464e+03	 1	 85	 117	 14	 21	 3
7.911195475e+03	 1	 71	 103	 15	 21	 3
7.911315458e+03	 1	 13	 13	 16	 21	 3
7.914763416e+03	 1	 84	 116	 1	 21	 4
7.914939400e+03	 1	 69	 101	 2	 21	 4
7.915051386e+03	 1	 78	 110	 3	 21	 4
7.915139386e+03	 1	 32	 32	 4	 21	 4
7.915299388e+03	 1	 72	 104	 5	 21	 4
7.915451361e+03	 1	 73	 105	 6	 21	 4
7.915555365e+03	 1	 80	 112	 7	 21	 4
7.915739379e+03	 1	 32	 32	 8	 21	 4
7.915915363e+03	 1	 72	 104	 9	 21	 4
7.916043371e+03	 1	 65	 97	 10	 21	 4
7.916163371e+03	 1	 78	 110	 11	 21	 4
7.916723335e+03	 1	 8	 8	 12	 21	 4
7.916923332e+03	 1	 77	 109	 13	 21	 4
7.917043321e+03	 1	 32	 32	 14	 21	 4
7.917195325e+03	 1	 84	 116	 15	 21	 4
7.917523341e+03	 1	 71	 103	 16	 21	 4
7.917891333e+03	 1	 8	 8	 17	 21	 4
7.918435318e+03	 1	 13	 13	 18	 21	 4
7.951498562e+03	 1	 76	 108	 1	 22	 1
7.951626539e+03	 1	 69	 101	 2	 22	 1
7.951746521e+03	 1	 84	 116	 3	 22	 1
7.951866540e+03	 1	 32	 32	 4	 22	 1
7.952170531e+03	 1	 67	 99	 5	 22	 1
7.952274531e+03	 1	 85	 117	 6	 22	 1
7.952530523e+03	 1	 80	 112	 7	 22	 1
7.952674497e+03	 1	 32	 32	 8	 22	 1
7.952874514e+03	 1	 67	 99	 9	 22	 1
7.953042488e+03	 1	 65	 97	 10	 22	 1
7.953130512e+03	 1	 78	 110	 11	 22	 1
7.953234494e+03	 1	 32	 32	 12	 22	 1
7.953362502e+03	 1	 76	 108	 13	 22	 1
7.953514477e+03	 1	 65	 97	 14	 22	 1
7.953714496e+03	 1	 71	 103	 15	 22	 1
7.954082482e+03	 1	 13	 13	 16	 22	 1
7.957474428e+03	 1	 76	 108	 1	 22	 2
7.957626394e+03	 1	 69	 101	 2	 22	 2
7.957786391e+03	 1	 84	 116	 3	 22	 2
7.957930386e+03	 1	 32	 32	 4	 22	 2
7.958106394e+03	 1	 67	 99	 5	 22	 2
7.958226395e+03	 1	 85	 117	 6	 22	 2
7.958442385e+03	 1	 80	 112	 7	 22	 2
7.958562364e+03	 1	 32	 32	 8	 22	 2
7.958834355e+03	 1	 67	 99	 9	 22	 2
7.959026350e+03	 1	 65	 97	 10	 22	 2
7.959130349e+03	 1	 78	 110	 11	 22	 2
7.959226367e+03	 1	 32	 32	 12	 22	 2
7.959330364e+03	 1	 76	 108	 13	 22	 2
7.959458348e+03	 1	 65	 97	 14	 22	 2
7.959634357e+03	 1	 71	 103	 15	 22	 2
7.960050349e+03	 1	 13	 13	 16	 22	 2
7.963474274e+03	 1	 76	 108	 1	 22	 3
7.963618266e+03	 1	 69	 101	 2	 22	 3
7.963714245e+03	 1	 84	 116	 3	 22	 3
7.963850230e+03	 1	 32	 32	 4	 22	 3
7.964010256e+03	 1	 67	 99	 5	 22	 3
7.964098242e+03	 1	 85	 117	 6	 22	 3
7.964282249e+03	 1	 80	 112	 7	 22	 3
7.964386248e+03	 1	 32	 32	 8	 22	 3
7.964506246e+03	 1	 67	 99	 9	 22	 3
7.964698238e+03	 1	 65	 97	 10	 22	 3
7.964810242e+03	 1	 78	 110	 11	 22	 3
7.964930223e+03	 1	 32	 32	 12	 22	 3
7.965066214e+03	 1	 76	 108	 13	 22	 3
7.965210227e+03	 1	 65	 97	 14	 22	 3
7.965354196e+03	 1	 71	 103	 15	 22	 3
7.965706205e+03	 1	 13	 13	 16	 22	 3
7.969282151e+03	 1	 76	 108	 1	 22	 4
7.969450119e+03	 1	 69	 101	 2	 22	 4
7.969538143e+03	 1	 84	 116	 3	 22	 4
7.969674137e+03	 1	 32	 32	 4	 22	 4
7.969842123e+03	 1	 67	 99	 5	 22	 4
7.969930133e+03	 1	 85	 117	 6	 22	 4
7.970178120e+03	 1	 80	 112	 7	 22	 4
7.970322095e+03	 1	 32	 32	 8	 22	 4
7.970450135e+03	 1	 67	 99	 9	 22	 4
7.970626094e+03	 1	 65	 97	 10	 22	 4
7.970738100e+03	 1	 78	 110	 11	 22	 4
7.970810087e+03	 1	 32	 32	 12	 22	 4
7.970938103e+03	 1	 76	 108	 13	 22	 4
7.971090104e+03	 1	 65	 97	 14	 22	 4
7.971330093e+03	 1	 71	 103	 15	 22	 4
7.971698077e+03	 1	 13	 13	 16	 22	 4
8.006577285e+03	 1	 66	 98	 1	 23	 1
8.006777263e+03	 1	 79	 111	 2	 23	 1
8.006921258e+03	 1	 88	 120	 3	 23	 1
8.007137240e+03	 1	 32	 32	 4	 23	 1
8.007321247e+03	 1	 76	 108	 5	 23	 1
8.007449223e+03	 1	 69	 101	 6	 23	 1
8.007689227e+03	 1	 71	 103	 7	 23	 1
8.007817242e+03	 1	 32	 32	 8	 23	 1
8.007961232e+03	 1	 76	 108	 9	 23	 1
8.008041233e+03	 1	 65	 97	 10	 23	 1
8.008113229e+03	 1	 83	 115	 11	 23	 1
8.008281196e+03	 1	 84	 116	 12	 23	 1
8.008361227e+03	 1	 32	 32	 13	 23	 1
8.008481200e+03	 1	 66	 98	 14	 23	 1
8.008601218e+03	 1	 65	 97	 15	 23	 1
8.008721187e+03	 1	 67	 99	 16	 23	 1
8.008809217e+03	 1	 75	 107	 17	 23	 1
8.009241204e+03	 1	 13	 13	 18	 23	 1
8.012569130e+03	 1	 66	 98	 1	 23	 2
8.012761124e+03	 1	 79	 111	 2	 23	 2
8.012953118e+03	 1	 88	 120	 3	 23	 2
8.013121093e+03	 1	 32	 32	 4	 23	 2
8.013257110e+03	 1	 76	 108	 5	 23	 2
8.013377088e+03	 1	 69	 101	 6	 23	 2
8.013625101e+03	 1	 71	 103	 7	 23	 2
8.013737100e+03	 1	 32	 32	 8	 23	 2
8.013921074e+03	 1	 76	 108	 9	 23	 2
8.013985093e+03	 1	 65	 97	 10	 23	 2
8.014089089e+03	 1	 83	 115	 11	 23	 2
8.014265087e+03	 1	 84	 116	 12	 23	 2
8.014321087e+03	 1	 32	 32	 13	 23	 2
8.014465054e+03	 1	 66	 98	 14	 23	 2
8.014569064e+03	 1	 65	 97	 15	 23	 2
8.014681056e+03	 1	 67	 99	 16	 23	 2
8.014777062e+03	 1	 75	 107	 17	 23	 2
8.014961070e+03	 1	 13	 13	 18	 23	 2
8.018561032e+03	 1	 66	 98	 1	 23	 3
8.018760972e+03	 1	 79	 111	 2	 23	 3
8.018920959e+03	 1	 88	 120	 3	 23	 3
8.019088983e+03	 1	 32	 32	 4	 23	 3
8.019248969e+03	 1	 76	 108	 5	 23	 3
8.019384941e+03	 1	 69	 101	 6	 23	 3
8.019640939e+03	 1	 71	 103	 7	 23	 3
8.019744945e+03	 1	 32	 32	 8	 23	 3
8.019904942e+03	 1	 76	 108	 9	 23	 3
8.020008954e+03	 1	 65	 97	 10	 23	 3
8.020104950e+03	 1	 83	 115	 11	 23	 3
8.020264915e+03	 1	 84	 116	 12	 23	 3
8.020320923e+03	 1	 32	 32	 13	 23	 3
8.020456910e+03	 1	 66	 98	 14	 23	 3
8.020560910e+03	 1	 65	 97	 15	 23	 3
8.020696911e+03	 1	 67	 99	 16	 23	 3
8.020792938e+03	 1	 75	 107	 17	 23	 3
8.021120914e+03	 1	 13	 13	 18	 23	 3
8.024416862e+03	 1	 66	 98	 1	 23	 4
8.024600827e+03	 1	 79	 111	 2	 23	 4
8.024840842e+03	 1	 32	 32	 3	 23	 4
8.025296831e+03	 1	 90	 122	 4	 23	 4
8.025736821e+03	 1	 8	 8	 5	 23	 4
8.025896805e+03	 1	 8	 8	 6	 23	 4
8.026128811e+03	 1	 90	 122	 7	 23	 4
8.026472801e+03	 1	 76	 108	 8	 23	 4
8.026640777e+03	 1	 32	 32	 9	 23	 4
8.027152786e+03	 1	 8	 8	 10	 23	 4
8.027312782e+03	 1	 8	 8	 11	 23	 4
8.027584776e+03	 1	 32	 32	 12	 23	 4
8.027712746e+03	 1	 76	 108	 13	 23	 4
8.027824743e+03	 1	 69	 101	 14	 23	 4
8.028000766e+03	 1	 71	 103	 15	 23	 4
8.028224760e+03	 1	 32	 32	 16	 23	 4
8.028392760e+03	 1	 13	 13	 17	 23	 4
8.065607908e+03	 1	 77	 109	 1	 24	 1
8.065807899e+03	 1	 85	 117	 2	 24	 1
8.065999861e+03	 1	 76	 108	 3	 24	 1
8.066151857e+03	 1	 76	 108	 4	 24	 1
8.066207857e+03	 1	 32	 32	 5	 24	 1
8.066367874e+03	 1	 82	 114	 6	 24	 1
8.066439852e+03	 1	 79	 111	 7	 24	 1
8.066583837e+03	 1	 79	 111	 8	 24	 1
8.066687837e+03	 1	 84	 116	 9	 24	 1
8.066783837e+03	 1	 32	 32	 10	 24	 1
8.067119856e+03	 1	 70	 102	 11	 24	 1
8.067367849e+03	 1	 65	 97	 12	 24	 1
8.067879823e+03	 1	 67	 99	 13	 24	 1
8.068135833e+03	 1	 69	 101	 14	 24	 1
8.068255815e+03	 1	 32	 32	 15	 24	 1
8.068407825e+03	 1	 77	 109	 16	 24	 1
8.068599789e+03	 1	 73	 105	 17	 24	 1
8.068775819e+03	 1	 75	 107	 18	 24	 1
8.068863814e+03	 1	 69	 101	 19	 24	 1
8.069007811e+03	 1	 13	 13	 20	 24	 1
8.071807758e+03	 1	 77	 109	 1	 24	 2
8.071999733e+03	 1	 85	 117	 2	 24	 2
8.072191741e+03	 1	 76	 108	 3	 24	 2
8.072343734e+03	 1	 76	 108	 4	 24	 2
8.072415736e+03	 1	 32	 32	 5	 24	 2
8.072599727e+03	 1	 82	 114	 6	 24	 2
8.072703726e+03	 1	 79	 111	 7	 24	 2
8.072871722e+03	 1	 79	 111	 8	 24	 2
8.073135718e+03	 1	 84	 116	 9	 24	 2
8.073263700e+03	 1	 32	 32	 10	 24	 2
8.073463708e+03	 1	 82	 114	 11	 24	 2
8.073967700e+03	 1	 65	 97	 12	 24	 2
8.074199691e+03	 1	 67	 99	 13	 24	 2
8.074399666e+03	 1	 69	 101	 14	 24	 2
8.074455688e+03	 1	 32	 32	 15	 24	 2
8.074567653e+03	 1	 77	 109	 16	 24	 2
8.074711661e+03	 1	 73	 105	 17	 24	 2
8.074911652e+03	 1	 75	 107	 18	 24	 2
8.074999645e+03	 1	 69	 101	 19	 24	 2
8.075143636e+03	 1	 13	 13	 20	 24	 2
8.077959618e+03	 1	 77	 109	 1	 24	 3
8.078127601e+03	 1	 85	 117	 2	 24	 3
8.078319598e+03	 1	 76	 108	 3	 24	 3
8.078471592e+03	 1	 76	 108	 4	 24	 3
8.078559602e+03	 1	 32	 32	 5	 24	 3
8.078815572e+03	 1	 82	 114	 6	 24	 3
8.078903596e+03	 1	 79	 111	 7	 24	 3
8.079071552e+03	 1	 79	 111	 8	 24	 3
8.079271542e+03	 1	 84	 116	 9	 24	 3
8.079463540e+03	 1	 32	 32	 10	 24	 3
8.079631527e+03	 1	 82	 114	 11	 24	 3
8.080015549e+03	 1	 65	 97	 12	 24	 3
8.080231541e+03	 1	 67	 99	 13	 24	 3
8.080367531e+03	 1	 69	 101	 14	 24	 3
8.080415542e+03	 1	 32	 32	 15	 24	 3
8.080567512e+03	 1	 77	 109	 16	 24	 3
8.080719520e+03	 1	 85	 117	 17	 24	 3
8.080927544e+03	 1	 76	 108	 18	 24	 3
8.081015534e+03	 1	 69	 101	 19	 24	 3
8.081359536e+03	 1	 8	 8	 20	 24	 3
8.082103511e+03	 1	 13	 13	 21	 24	 3
8.085143448e+03	 1	 77	 109	 1	 24	 4
8.085423420e+03	 1	 85	 117	 2	 24	 4
8.085615428e+03	 1	 76	 108	 3	 24	 4
8.085767411e+03	 1	 76	 108	 4	 24	 4
8.085863410e+03	 1	 32	 32	 5	 24	 4
8.085967387e+03	 1	 82	 114	 6	 24	 4
8.086039417e+03	 1	 79	 111	 7	 24	 4
8.086191392e+03	 1	 79	 111	 8	 24	 4
8.086351386e+03	 1	 84	 116	 9	 24	 4
8.086479391e+03	 1	 32	 32	 10	 24	 4
8.086903383e+03	 1	 82	 114	 11	 24	 4
8.087151386e+03	 1	 65	 97	 12	 24	 4
8.087319384e+03	 1	 67	 99	 13	 24	 4
8.087463382e+03	 1	 69	 101	 14	 24	 4
8.087527382e+03	 1	 32	 32	 15	 24	 4
8.087687376e+03	 1	 77	 109	 16	 24	 4
8.087855372e+03	 1	 73	 105	 17	 24	 4
8.088191330e+03	 1	 75	 107	 18	 24	 4
8.088319368e+03	 1	 69	 101	 19	 24	 4
8.088479349e+03	 1	 13	 13	 20	 24	 4
8.123830554e+03	 1	 66	 98	 1	 25	 1
8.123958529e+03	 1	 85	 117	 2	 25	 1
8.124070534e+03	 1	 84	 116	 3	 25	 1
8.124118502e+03	 1	 32	 32	 4	 25	 1
8.124230502e+03	 1	 77	 109	 5	 25	 1
8.124374500e+03	 1	 73	 105	 6	 25	 1
8.124438501e+03	 1	 83	 115	 7	 25	 1
8.124622517e+03	 1	 83	 115	 8	 25	 1
8.124694506e+03	 1	 32	 32	 9	 25	 1
8.124790514e+03	 1	 77	 109	 10	 25	 1
8.124902511e+03	 1	 65	 97	 11	 25	 1
8.125038477e+03	 1	 68	 100	 12	 25	 1
8.125150499e+03	 1	 69	 101	 13	 25	 1
8.125262480e+03	 1	 32	 32	 14	 25	 1
8.125414496e+03	 1	 66	 98	 15	 25	 1
8.125542466e+03	 1	 79	 111	 16	 25	 1
8.125678505e+03	 1	 78	 110	 17	 25	 1
8.125774515e+03	 1	 69	 101	 18	 25	 1
8.125886484e+03	 1	 13	 13	 19	 25	 1
8.129702416e+03	 1	 66	 98	 1	 25	 2
8.129838380e+03	 1	 85	 117	 2	 25	 2
8.129934386e+03	 1	 84	 116	 3	 25	 2
8.130014392e+03	 1	 32	 32	 4	 25	 2
8.130102390e+03	 1	 77	 109	 5	 25	 2
8.130238355e+03	 1	 73	 105	 6	 25	 2
8.130342386e+03	 1	 83	 115	 7	 25	 2
8.130502367e+03	 1	 32	 32	 8	 25	 2
8.131270370e+03	 1	 8	 8	 9	 25	 2
8.131398333e+03	 1	 83	 115	 10	 25	 2
8.131542329e+03	 1	 32	 32	 11	 25	 2
8.131622358e+03	 1	 77	 109	 12	 25	 2
8.131766329e+03	 1	 65	 97	 13	 25	 2
8.131854329e+03	 1	 68	 100	 14	 25	 2
8.131982346e+03	 1	 69	 101	 15	 25	 2
8.132086343e+03	 1	 32	 32	 16	 25	 2
8.132214309e+03	 1	 66	 98	 17	 25	 2
8.132214309e+03	 1	 78	 110	 18	 25	 2
8.132294312e+03	 1	 79	 111	 19	 25	 2
8.132470305e+03	 1	 78	 110	 20	 25	 2
8.132558334e+03	 1	 69	 101	 21	 25	 2
8.132702328e+03	 1	 13	 13	 22	 25	 2
8.135670275e+03	 1	 66	 98	 1	 25	 3
8.135798258e+03	 1	 85	 117	 2	 25	 3
8.135918246e+03	 1	 84	 116	 3	 25	 3
8.136030252e+03	 1	 32	 32	 4	 25	 3
8.136150248e+03	 1	 77	 109	 5	 25	 3
8.136262220e+03	 1	 73	 105	 6	 25	 3
8.136358246e+03	 1	 83	 115	 7	 25	 3
8.136534239e+03	 1	 83	 115	 8	 25	 3
8.136630242e+03	 1	 32	 32	 9	 25	 3
8.136750223e+03	 1	 77	 109	 10	 25	 3
8.136862232e+03	 1	 65	 97	 11	 25	 3
8.136990197e+03	 1	 68	 100	 12	 25	 3
8.137118228e+03	 1	 69	 101	 13	 25	 3
8.137206224e+03	 1	 32	 32	 14	 25	 3
8.137334223e+03	 1	 66	 98	 15	 25	 3
8.137438220e+03	 1	 79	 111	 16	 25	 3
8.137582216e+03	 1	 78	 110	 17	 25	 3
8.137678204e+03	 1	 69	 101	 18	 25	 3
8.137782212e+03	 1	 13	 13	 19	 25	 3
8.141518162e+03	 1	 66	 98	 1	 25	 4
8.141654144e+03	 1	 85	 117	 2	 25	 4
8.141766167e+03	 1	 84	 116	 3	 25	 4
8.141822123e+03	 1	 32	 32	 4	 25	 4
8.141926218e+03	 1	 77	 109	 5	 25	 4
8.142102103e+03	 1	 73	 105	 6	 25	 4
8.142190139e+03	 1	 83	 115	 7	 25	 4
8.142382125e+03	 1	 83	 115	 8	 25	 4
8.142446126e+03	 1	 32	 32	 9	 25	 4
8.142574098e+03	 1	 77	 109	 10	 25	 4
8.142726081e+03	 1	 65	 97	 11	 25	 4
8.142846092e+03	 1	 68	 100	 12	 25	 4
8.142982068e+03	 1	 69	 101	 13	 25	 4
8.143094099e+03	 1	 32	 32	 14	 25	 4
8.143246080e+03	 1	 66	 98	 15	 25	 4
8.143398057e+03	 1	 79	 111	 16	 25	 4
8.143542057e+03	 1	 78	 110	 17	 25	 4
8.143646083e+03	 1	 69	 101	 18	 25	 4
8.143782043e+03	 1	 13	 13	 19	 25	 4
