Time	 Pressed	 Keycode	 CookedKey	 Keypress	 Trial	 Repetition
1.731895136e+04	 1	 71	 103	 1	 1	 1
1.731907635e+04	 1	 65	 97	 2	 1	 1
1.731924727e+04	 1	 83	 115	 3	 1	 1
1.731945625e+04	 1	 32	 32	 4	 1	 1
1.731975428e+04	 1	 80	 112	 5	 1	 1
1.732003326e+04	 1	 79	 111	 6	 1	 1
1.732027726e+04	 1	 77	 109	 7	 1	 1
1.732041624e+04	 1	 32	 32	 8	 1	 1
1.732062822e+04	 1	 80	 112	 9	 1	 1
1.732080822e+04	 1	 69	 101	 10	 1	 1
1.732091321e+04	 1	 78	 110	 11	 1	 1
1.732101421e+04	 1	 32	 32	 12	 1	 1
1.732116722e+04	 1	 71	 103	 13	 1	 1
1.732125920e+04	 1	 69	 101	 14	 1	 1
1.732137619e+04	 1	 84	 116	 15	 1	 1
1.732151018e+04	 1	 13	 13	 16	 1	 1
1.732478904e+04	 1	 71	 103	 1	 1	 2
1.732489703e+04	 1	 65	 97	 2	 1	 2
1.732503402e+04	 1	 83	 115	 3	 1	 2
1.732526208e+04	 1	 32	 32	 4	 1	 2
1.732541701e+04	 1	 80	 112	 5	 1	 2
1.732554199e+04	 1	 79	 111	 6	 1	 2
1.732575198e+04	 1	 77	 109	 7	 1	 2
1.732584998e+04	 1	 32	 32	 8	 1	 2
1.732603897e+04	 1	 80	 112	 9	 1	 2
1.732617896e+04	 1	 69	 101	 10	 1	 2
1.732630793e+04	 1	 78	 110	 11	 1	 2
1.732638296e+04	 1	 32	 32	 12	 1	 2
1.732652295e+04	 1	 71	 103	 13	 1	 2
1.732663293e+04	 1	 69	 101	 14	 1	 2
1.732675493e+04	 1	 84	 116	 15	 1	 2
1.732685992e+04	 1	 13	 13	 16	 1	 2
1.733079383e+04	 1	 71	 103	 1	 1	 3
1.733089673e+04	 1	 65	 97	 2	 1	 3
1.733102373e+04	 1	 83	 115	 3	 1	 3
1.733118671e+04	 1	 32	 32	 4	 1	 3
1.733134765e+04	 1	 80	 112	 5	 1	 3
1.733146257e+04	 1	 79	 111	 6	 1	 3
1.733164769e+04	 1	 77	 109	 7	 1	 3
1.733181168e+04	 1	 32	 32	 8	 1	 3
1.733200168e+04	 1	 80	 112	 9	 1	 3
1.733213667e+04	 1	 69	 101	 10	 1	 3
1.733237866e+04	 1	 78	 110	 11	 1	 3
1.733258167e+04	 1	 32	 32	 12	 1	 3
1.733269465e+04	 1	 71	 103	 13	 1	 3
1.733280364e+04	 1	 69	 101	 14	 1	 3
1.733294664e+04	 1	 84	 116	 15	 1	 3
1.733304663e+04	 1	 13	 13	 16	 1	 3
1.733664551e+04	 1	 71	 103	 1	 1	 4
1.733672550e+04	 1	 65	 97	 2	 1	 4
1.733685949e+04	 1	 83	 115	 3	 1	 4
1.733700646e+04	 1	 32	 32	 4	 1	 4
1.733723141e+04	 1	 80	 112	 5	 1	 4
1.733725541e+04	 1	 32	 32	 6	 1	 4
1.733744641e+04	 1	 79	 111	 7	 1	 4
1.733764340e+04	 1	 77	 109	 8	 1	 4
1.733773442e+04	 1	 32	 32	 9	 1	 4
1.733805539e+04	 1	 80	 112	 10	 1	 4
1.733824138e+04	 1	 69	 101	 11	 1	 4
1.733836537e+04	 1	 78	 110	 12	 1	 4
1.733851336e+04	 1	 32	 32	 13	 1	 4
1.733878236e+04	 1	 71	 103	 14	 1	 4
1.733886736e+04	 1	 69	 101	 15	 1	 4
1.733902334e+04	 1	 84	 116	 16	 1	 4
1.733912033e+04	 1	 13	 13	 17	 1	 4
1.737460963e+04	 1	 66	 98	 1	 2	 1
1.737471462e+04	 1	 65	 97	 2	 2	 1
1.737489961e+04	 1	 78	 110	 3	 2	 1
1.737508246e+04	 1	 75	 107	 4	 2	 1
1.737518461e+04	 1	 32	 32	 5	 2	 1
1.737549658e+04	 1	 68	 100	 6	 2	 1
1.737561157e+04	 1	 79	 111	 7	 2	 1
1.737576956e+04	 1	 71	 103	 8	 2	 1
1.737589256e+04	 1	 32	 32	 9	 2	 1
1.737640555e+04	 1	 68	 100	 10	 2	 1
1.737657053e+04	 1	 69	 101	 11	 2	 1
1.737674853e+04	 1	 67	 99	 12	 2	 1
1.737683552e+04	 1	 75	 107	 13	 2	 1
1.737690951e+04	 1	 32	 32	 14	 2	 1
1.737706950e+04	 1	 66	 98	 15	 2	 1
1.737720750e+04	 1	 85	 117	 16	 2	 1
1.737729050e+04	 1	 83	 115	 17	 2	 1
1.737742649e+04	 1	 84	 116	 18	 2	 1
1.737753248e+04	 1	 13	 13	 19	 2	 1
1.738042736e+04	 1	 66	 98	 1	 2	 2
1.738051935e+04	 1	 65	 97	 2	 2	 2
1.738066533e+04	 1	 78	 110	 3	 2	 2
1.738080732e+04	 1	 75	 107	 4	 2	 2
1.738093131e+04	 1	 32	 32	 5	 2	 2
1.738140831e+04	 1	 68	 100	 6	 2	 2
1.738151429e+04	 1	 79	 111	 7	 2	 2
1.738165328e+04	 1	 71	 103	 8	 2	 2
1.738174628e+04	 1	 32	 32	 9	 2	 2
1.738201626e+04	 1	 68	 100	 10	 2	 2
1.738217126e+04	 1	 69	 101	 11	 2	 2
1.738236626e+04	 1	 67	 99	 12	 2	 2
1.738246925e+04	 1	 75	 107	 13	 2	 2
1.738259724e+04	 1	 32	 32	 14	 2	 2
1.738281723e+04	 1	 66	 98	 15	 2	 2
1.738291223e+04	 1	 85	 117	 16	 2	 2
1.738301621e+04	 1	 68	 100	 17	 2	 2
1.738335222e+04	 1	 84	 116	 18	 2	 2
1.738350920e+04	 1	 13	 13	 19	 2	 2
1.738638807e+04	 1	 66	 98	 1	 2	 3
1.738648806e+04	 1	 65	 97	 2	 2	 3
1.738663705e+04	 1	 78	 110	 3	 2	 3
1.738677504e+04	 1	 75	 107	 4	 2	 3
1.738687304e+04	 1	 32	 32	 5	 2	 3
1.738716502e+04	 1	 68	 100	 6	 2	 3
1.738732701e+04	 1	 79	 111	 7	 2	 3
1.738746007e+04	 1	 71	 103	 8	 2	 3
1.738760200e+04	 1	 32	 32	 9	 2	 3
1.738783699e+04	 1	 68	 100	 10	 2	 3
1.738810495e+04	 1	 69	 101	 11	 2	 3
1.738831397e+04	 1	 67	 99	 12	 2	 3
1.738844598e+04	 1	 75	 107	 13	 2	 3
1.738851500e+04	 1	 32	 32	 14	 2	 3
1.738871796e+04	 1	 66	 98	 15	 2	 3
1.738884095e+04	 1	 85	 117	 16	 2	 3
1.738906595e+04	 1	 83	 115	 17	 2	 3
1.738923593e+04	 1	 84	 116	 18	 2	 3
1.738949594e+04	 1	 13	 13	 19	 2	 3
1.739221679e+04	 1	 66	 98	 1	 2	 4
1.739231277e+04	 1	 65	 97	 2	 2	 4
1.739245976e+04	 1	 78	 110	 3	 2	 4
1.739260676e+04	 1	 75	 107	 4	 2	 4
1.739270276e+04	 1	 32	 32	 5	 2	 4
1.739297474e+04	 1	 68	 100	 6	 2	 4
1.739304573e+04	 1	 79	 111	 7	 2	 4
1.739321272e+04	 1	 71	 103	 8	 2	 4
1.739331771e+04	 1	 32	 32	 9	 2	 4
1.739348571e+04	 1	 68	 100	 10	 2	 4
1.739368572e+04	 1	 69	 101	 11	 2	 4
1.739398869e+04	 1	 83	 115	 12	 2	 4
1.739433968e+04	 1	 8	 8	 13	 2	 4
1.739442267e+04	 1	 67	 99	 14	 2	 4
1.739458266e+04	 1	 75	 107	 15	 2	 4
1.739472570e+04	 1	 32	 32	 16	 2	 4
1.739493865e+04	 1	 66	 98	 17	 2	 4
1.739506064e+04	 1	 85	 117	 18	 2	 4
1.739537162e+04	 1	 83	 115	 19	 2	 4
1.739553661e+04	 1	 84	 116	 20	 2	 4
1.739564160e+04	 1	 13	 13	 21	 2	 4
1.742868403e+04	 1	 82	 114	 1	 3	 1
1.742886201e+04	 1	 79	 111	 2	 3	 1
1.742895902e+04	 1	 80	 112	 3	 3	 1
1.742898601e+04	 1	 69	 101	 4	 3	 1
1.742913299e+04	 1	 32	 32	 5	 3	 1
1.742929198e+04	 1	 83	 115	 6	 3	 1
1.742968698e+04	 1	 8	 8	 7	 3	 1
1.742981596e+04	 1	 68	 100	 8	 3	 1
1.742993798e+04	 1	 79	 111	 9	 3	 1
1.743004695e+04	 1	 67	 99	 10	 3	 1
1.743014894e+04	 1	 75	 107	 11	 3	 1
1.743023194e+04	 1	 32	 32	 12	 3	 1
1.743048892e+04	 1	 68	 100	 13	 3	 1
1.743066091e+04	 1	 73	 105	 14	 3	 1
1.743075091e+04	 1	 83	 115	 15	 3	 1
1.743086791e+04	 1	 72	 104	 16	 3	 1
1.743098293e+04	 1	 32	 32	 17	 3	 1
1.743121190e+04	 1	 82	 114	 18	 3	 1
1.743128191e+04	 1	 73	 105	 19	 3	 1
1.743144388e+04	 1	 78	 110	 20	 3	 1
1.743153887e+04	 1	 71	 103	 21	 3	 1
1.743171186e+04	 1	 13	 13	 22	 3	 1
1.743453675e+04	 1	 82	 114	 1	 3	 2
1.743470772e+04	 1	 79	 111	 2	 3	 2
1.743484072e+04	 1	 69	 101	 3	 3	 2
1.743507370e+04	 1	 80	 112	 4	 3	 2
1.743533770e+04	 1	 32	 32	 5	 3	 2
1.743609166e+04	 1	 68	 100	 6	 3	 2
1.743620166e+04	 1	 79	 111	 7	 3	 2
1.743643965e+04	 1	 67	 99	 8	 3	 2
1.743652464e+04	 1	 75	 107	 9	 3	 2
1.743658863e+04	 1	 32	 32	 10	 3	 2
1.743690062e+04	 1	 68	 100	 11	 3	 2
1.743704061e+04	 1	 73	 105	 12	 3	 2
1.743714260e+04	 1	 83	 115	 13	 3	 2
1.743726860e+04	 1	 72	 104	 14	 3	 2
1.743735160e+04	 1	 32	 32	 15	 3	 2
1.743750659e+04	 1	 82	 114	 16	 3	 2
1.743759058e+04	 1	 73	 105	 17	 3	 2
1.743771357e+04	 1	 78	 110	 18	 3	 2
1.743792857e+04	 1	 13	 13	 19	 3	 2
1.744061346e+04	 1	 82	 114	 1	 3	 3
1.744077144e+04	 1	 79	 111	 2	 3	 3
1.744090343e+04	 1	 80	 112	 3	 3	 3
1.744091340e+04	 1	 69	 101	 4	 3	 3
1.744112742e+04	 1	 32	 32	 5	 3	 3
1.744150442e+04	 1	 68	 100	 6	 3	 3
1.744163640e+04	 1	 79	 111	 7	 3	 3
1.744176640e+04	 1	 67	 99	 8	 3	 3
1.744184840e+04	 1	 75	 107	 9	 3	 3
1.744194440e+04	 1	 32	 32	 10	 3	 3
1.744232541e+04	 1	 68	 100	 11	 3	 3
1.744254045e+04	 1	 73	 105	 12	 3	 3
1.744265337e+04	 1	 83	 115	 13	 3	 3
1.744275436e+04	 1	 72	 104	 14	 3	 3
1.744283831e+04	 1	 32	 32	 15	 3	 3
1.744310336e+04	 1	 82	 114	 16	 3	 3
1.744318629e+04	 1	 73	 105	 17	 3	 3
1.744330634e+04	 1	 78	 110	 18	 3	 3
1.744341734e+04	 1	 71	 103	 19	 3	 3
1.744354532e+04	 1	 13	 13	 20	 3	 3
1.744652015e+04	 1	 82	 114	 1	 3	 4
1.744668715e+04	 1	 79	 111	 2	 3	 4
1.744678415e+04	 1	 80	 112	 3	 3	 4
1.744685714e+04	 1	 69	 101	 4	 3	 4
1.744699413e+04	 1	 32	 32	 5	 3	 4
1.744715712e+04	 1	 68	 100	 6	 3	 4
1.744726512e+04	 1	 79	 111	 7	 3	 4
1.744737911e+04	 1	 67	 99	 8	 3	 4
1.744747511e+04	 1	 75	 107	 9	 3	 4
1.744755812e+04	 1	 32	 32	 10	 3	 4
1.744819008e+04	 1	 68	 100	 11	 3	 4
1.744828206e+04	 1	 73	 105	 12	 3	 4
1.744845106e+04	 1	 78	 110	 13	 3	 4
1.744871706e+04	 1	 83	 115	 14	 3	 4
1.744889005e+04	 1	 8	 8	 15	 3	 4
1.744902804e+04	 1	 8	 8	 16	 3	 4
1.744911302e+04	 1	 83	 115	 17	 3	 4
1.744926002e+04	 1	 72	 104	 18	 3	 4
1.744934501e+04	 1	 32	 32	 19	 3	 4
1.744949401e+04	 1	 82	 114	 20	 3	 4
1.744955502e+04	 1	 73	 105	 21	 3	 4
1.744968800e+04	 1	 78	 110	 22	 3	 4
1.744975800e+04	 1	 71	 103	 23	 3	 4
1.744989799e+04	 1	 13	 13	 24	 3	 4
1.748007955e+04	 1	 82	 114	 1	 4	 1
1.748017854e+04	 1	 65	 97	 2	 4	 1
1.748041152e+04	 1	 71	 103	 3	 4	 1
1.748051151e+04	 1	 32	 32	 4	 4	 1
1.748067350e+04	 1	 80	 112	 5	 4	 1
1.748085252e+04	 1	 85	 117	 6	 4	 1
1.748109649e+04	 1	 78	 110	 7	 4	 1
1.748123948e+04	 1	 32	 32	 8	 4	 1
1.748140448e+04	 1	 80	 112	 9	 4	 1
1.748150147e+04	 1	 79	 111	 10	 4	 1
1.748165246e+04	 1	 84	 116	 11	 4	 1
1.748177845e+04	 1	 32	 32	 12	 4	 1
1.748188047e+04	 1	 82	 114	 13	 4	 1
1.748194046e+04	 1	 69	 101	 14	 4	 1
1.748220440e+04	 1	 68	 100	 15	 4	 1
1.748232144e+04	 1	 13	 13	 16	 4	 1
1.748586827e+04	 1	 82	 114	 1	 4	 2
1.748598025e+04	 1	 65	 97	 2	 4	 2
1.748628324e+04	 1	 32	 32	 3	 4	 2
1.748660423e+04	 1	 71	 103	 4	 4	 2
1.748679421e+04	 1	 32	 32	 5	 4	 2
1.748696221e+04	 1	 80	 112	 6	 4	 2
1.748703208e+04	 1	 79	 111	 7	 4	 2
1.748764518e+04	 1	 84	 116	 8	 4	 2
1.748779416e+04	 1	 32	 32	 9	 4	 2
1.748800921e+04	 1	 80	 112	 10	 4	 2
1.748820714e+04	 1	 85	 117	 11	 4	 2
1.748842813e+04	 1	 78	 110	 12	 4	 2
1.748850995e+04	 1	 32	 32	 13	 4	 2
1.748859811e+04	 1	 82	 114	 14	 4	 2
1.748867411e+04	 1	 69	 101	 15	 4	 2
1.748887511e+04	 1	 71	 103	 16	 4	 2
1.748911612e+04	 1	 68	 100	 17	 4	 2
1.748948509e+04	 1	 13	 13	 18	 4	 2
1.749272594e+04	 1	 82	 114	 1	 4	 3
1.749284291e+04	 1	 65	 97	 2	 4	 3
1.749305186e+04	 1	 68	 100	 3	 4	 3
1.749312991e+04	 1	 32	 32	 4	 4	 3
1.749330091e+04	 1	 80	 112	 5	 4	 3
1.749340890e+04	 1	 85	 117	 6	 4	 3
1.749363988e+04	 1	 78	 110	 7	 4	 3
1.749371088e+04	 1	 32	 32	 8	 4	 3
1.749387087e+04	 1	 80	 112	 9	 4	 3
1.749393186e+04	 1	 79	 111	 10	 4	 3
1.749404386e+04	 1	 84	 116	 11	 4	 3
1.749420387e+04	 1	 32	 32	 12	 4	 3
1.749446685e+04	 1	 82	 114	 13	 4	 3
1.749455485e+04	 1	 69	 101	 14	 4	 3
1.749473983e+04	 1	 68	 100	 15	 4	 3
1.749486783e+04	 1	 13	 13	 16	 4	 3
1.749809468e+04	 1	 82	 114	 1	 4	 4
1.749823667e+04	 1	 65	 97	 2	 4	 4
1.749839868e+04	 1	 83	 115	 3	 4	 4
1.749853564e+04	 1	 32	 32	 4	 4	 4
1.749871864e+04	 1	 80	 112	 5	 4	 4
1.749884263e+04	 1	 85	 117	 6	 4	 4
1.749907362e+04	 1	 78	 110	 7	 4	 4
1.749916562e+04	 1	 32	 32	 8	 4	 4
1.749962261e+04	 1	 80	 112	 9	 4	 4
1.749979059e+04	 1	 69	 101	 10	 4	 4
1.750006257e+04	 1	 70	 102	 11	 4	 4
1.750011357e+04	 1	 32	 32	 12	 4	 4
1.750074955e+04	 1	 82	 114	 13	 4	 4
1.750083454e+04	 1	 69	 101	 14	 4	 4
1.750122352e+04	 1	 68	 100	 15	 4	 4
1.750132852e+04	 1	 13	 13	 16	 4	 4
1.753127910e+04	 1	 76	 108	 1	 5	 1
1.753148009e+04	 1	 85	 117	 2	 5	 1
1.753160102e+04	 1	 67	 99	 3	 5	 1
1.753175404e+04	 1	 75	 107	 4	 5	 1
1.753184109e+04	 1	 32	 32	 5	 5	 1
1.753204504e+04	 1	 66	 98	 6	 5	 1
1.753211401e+04	 1	 69	 101	 7	 5	 1
1.753226500e+04	 1	 69	 101	 8	 5	 1
1.753235801e+04	 1	 80	 112	 9	 5	 1
1.753244501e+04	 1	 32	 32	 10	 5	 1
1.753262400e+04	 1	 66	 98	 11	 5	 1
1.753279600e+04	 1	 79	 111	 12	 5	 1
1.753286601e+04	 1	 85	 117	 13	 5	 1
1.753293999e+04	 1	 84	 116	 14	 5	 1
1.753304499e+04	 1	 32	 32	 15	 5	 1
1.753312398e+04	 1	 76	 108	 16	 5	 1
1.753332396e+04	 1	 79	 111	 17	 5	 1
1.753337696e+04	 1	 85	 117	 18	 5	 1
1.753345695e+04	 1	 68	 100	 19	 5	 1
1.753362595e+04	 1	 13	 13	 20	 5	 1
1.753706780e+04	 1	 76	 108	 1	 5	 2
1.753731378e+04	 1	 85	 117	 2	 5	 2
1.753747677e+04	 1	 67	 99	 3	 5	 2
1.753763375e+04	 1	 75	 107	 4	 5	 2
1.753773275e+04	 1	 32	 32	 5	 5	 2
1.753793776e+04	 1	 66	 98	 6	 5	 2
1.753800475e+04	 1	 69	 101	 7	 5	 2
1.753815774e+04	 1	 69	 101	 8	 5	 2
1.753824173e+04	 1	 80	 112	 9	 5	 2
1.753835972e+04	 1	 32	 32	 10	 5	 2
1.753852671e+04	 1	 66	 98	 11	 5	 2
1.753867071e+04	 1	 79	 111	 12	 5	 2
1.753876070e+04	 1	 85	 117	 13	 5	 2
1.753881170e+04	 1	 84	 116	 14	 5	 2
1.753889869e+04	 1	 32	 32	 15	 5	 2
1.753897471e+04	 1	 76	 108	 16	 5	 2
1.753917668e+04	 1	 79	 111	 17	 5	 2
1.753923866e+04	 1	 85	 117	 18	 5	 2
1.753931967e+04	 1	 68	 100	 19	 5	 2
1.753949967e+04	 1	 13	 13	 20	 5	 2
1.754297153e+04	 1	 76	 108	 1	 5	 3
1.754312250e+04	 1	 85	 117	 2	 5	 3
1.754325649e+04	 1	 67	 99	 3	 5	 3
1.754336948e+04	 1	 75	 107	 4	 5	 3
1.754345948e+04	 1	 32	 32	 5	 5	 3
1.754367646e+04	 1	 66	 98	 6	 5	 3
1.754376146e+04	 1	 69	 101	 7	 5	 3
1.754393145e+04	 1	 69	 101	 8	 5	 3
1.754399345e+04	 1	 80	 112	 9	 5	 3
1.754410434e+04	 1	 32	 32	 10	 5	 3
1.754433645e+04	 1	 66	 98	 11	 5	 3
1.754451243e+04	 1	 79	 111	 12	 5	 3
1.754459442e+04	 1	 85	 117	 13	 5	 3
1.754469741e+04	 1	 84	 116	 14	 5	 3
1.754479541e+04	 1	 32	 32	 15	 5	 3
1.754491541e+04	 1	 76	 108	 16	 5	 3
1.754509739e+04	 1	 79	 111	 17	 5	 3
1.754515237e+04	 1	 85	 117	 18	 5	 3
1.754521839e+04	 1	 68	 100	 19	 5	 3
1.754540038e+04	 1	 13	 13	 20	 5	 3
1.754885431e+04	 1	 76	 108	 1	 5	 4
1.754898524e+04	 1	 85	 117	 2	 5	 4
1.754910618e+04	 1	 67	 99	 3	 5	 4
1.754921620e+04	 1	 75	 107	 4	 5	 4
1.754930610e+04	 1	 32	 32	 5	 5	 4
1.754951619e+04	 1	 66	 98	 6	 5	 4
1.754979918e+04	 1	 69	 101	 7	 5	 4
1.754997015e+04	 1	 69	 101	 8	 5	 4
1.755018916e+04	 1	 80	 112	 9	 5	 4
1.755035714e+04	 1	 32	 32	 10	 5	 4
1.755101112e+04	 1	 66	 98	 11	 5	 4
1.755121710e+04	 1	 79	 111	 12	 5	 4
1.755131710e+04	 1	 85	 117	 13	 5	 4
1.755139910e+04	 1	 84	 116	 14	 5	 4
1.755150209e+04	 1	 32	 32	 15	 5	 4
1.755160108e+04	 1	 76	 108	 16	 5	 4
1.755179707e+04	 1	 79	 111	 17	 5	 4
1.755186007e+04	 1	 85	 117	 18	 5	 4
1.755194406e+04	 1	 68	 100	 19	 5	 4
1.755211906e+04	 1	 13	 13	 20	 5	 4
1.758615342e+04	 1	 67	 99	 1	 6	 1
1.758639141e+04	 1	 82	 114	 2	 6	 1
1.758655839e+04	 1	 89	 121	 3	 6	 1
1.758670241e+04	 1	 32	 32	 4	 6	 1
1.758693039e+04	 1	 80	 112	 5	 6	 1
1.758716237e+04	 1	 85	 117	 6	 6	 1
1.758751736e+04	 1	 71	 103	 7	 6	 1
1.758765634e+04	 1	 32	 32	 8	 6	 1
1.758796734e+04	 1	 80	 112	 9	 6	 1
1.758811432e+04	 1	 65	 97	 10	 6	 1
1.758832531e+04	 1	 68	 100	 11	 6	 1
1.758846631e+04	 1	 32	 32	 12	 6	 1
1.758868432e+04	 1	 67	 99	 13	 6	 1
1.758878929e+04	 1	 79	 111	 14	 6	 1
1.758894329e+04	 1	 84	 116	 15	 6	 1
1.758910328e+04	 1	 13	 13	 16	 6	 1
1.759197915e+04	 1	 67	 99	 1	 6	 2
1.759222313e+04	 1	 82	 114	 2	 6	 2
1.759235512e+04	 1	 85	 117	 3	 6	 2
1.759253211e+04	 1	 32	 32	 4	 6	 2
1.759266811e+04	 1	 80	 112	 5	 6	 2
1.759309309e+04	 1	 85	 117	 6	 6	 2
1.759333408e+04	 1	 70	 102	 7	 6	 2
1.759351907e+04	 1	 32	 32	 8	 6	 2
1.759416805e+04	 1	 80	 112	 9	 6	 2
1.759433302e+04	 1	 65	 97	 10	 6	 2
1.759451401e+04	 1	 68	 100	 11	 6	 2
1.759460301e+04	 1	 32	 32	 12	 6	 2
1.759480505e+04	 1	 67	 99	 13	 6	 2
1.759489602e+04	 1	 79	 111	 14	 6	 2
1.759504299e+04	 1	 84	 116	 15	 6	 2
1.759516498e+04	 1	 13	 13	 16	 6	 2
1.759785487e+04	 1	 67	 99	 1	 6	 3
1.759809486e+04	 1	 82	 114	 2	 6	 3
1.759830883e+04	 1	 85	 117	 3	 6	 3
1.759852082e+04	 1	 32	 32	 4	 6	 3
1.759862582e+04	 1	 80	 112	 5	 6	 3
1.759877580e+04	 1	 85	 117	 6	 6	 3
1.759915080e+04	 1	 70	 102	 7	 6	 3
1.759927678e+04	 1	 32	 32	 8	 6	 3
1.759964777e+04	 1	 80	 112	 9	 6	 3
1.759984176e+04	 1	 65	 97	 10	 6	 3
1.760012176e+04	 1	 32	 32	 11	 6	 3
1.760047674e+04	 1	 68	 100	 12	 6	 3
1.760073172e+04	 1	 32	 32	 13	 6	 3
1.760088272e+04	 1	 67	 99	 14	 6	 3
1.760101071e+04	 1	 79	 111	 15	 6	 3
1.760114370e+04	 1	 84	 116	 16	 6	 3
1.760131471e+04	 1	 13	 13	 17	 6	 3
1.760396953e+04	 1	 67	 99	 1	 6	 4
1.760422157e+04	 1	 82	 114	 2	 6	 4
1.760433054e+04	 1	 89	 121	 3	 6	 4
1.760442553e+04	 1	 32	 32	 4	 6	 4
1.760454653e+04	 1	 80	 112	 5	 6	 4
1.760470952e+04	 1	 85	 117	 6	 6	 4
1.760502751e+04	 1	 68	 100	 7	 6	 4
1.760534951e+04	 1	 8	 8	 8	 6	 4
1.760552749e+04	 1	 71	 103	 9	 6	 4
1.760565848e+04	 1	 32	 32	 10	 6	 4
1.760596447e+04	 1	 80	 112	 11	 6	 4
1.760606046e+04	 1	 65	 97	 12	 6	 4
1.760623748e+04	 1	 68	 100	 13	 6	 4
1.760634044e+04	 1	 32	 32	 14	 6	 4
1.760650243e+04	 1	 67	 99	 15	 6	 4
1.760658443e+04	 1	 79	 111	 16	 6	 4
1.760672342e+04	 1	 84	 116	 17	 6	 4
1.760686242e+04	 1	 13	 13	 18	 6	 4
1.763726499e+04	 1	 83	 115	 1	 7	 1
1.763744897e+04	 1	 73	 105	 2	 7	 1
1.763759193e+04	 1	 80	 112	 3	 7	 1
1.763767191e+04	 1	 32	 32	 4	 7	 1
1.763782197e+04	 1	 70	 102	 5	 7	 1
1.763791292e+04	 1	 85	 117	 6	 7	 1
1.763810495e+04	 1	 76	 108	 7	 7	 1
1.763825494e+04	 1	 76	 108	 8	 7	 1
1.763834589e+04	 1	 32	 32	 9	 7	 1
1.763858894e+04	 1	 70	 102	 10	 7	 1
1.763875890e+04	 1	 79	 111	 11	 7	 1
1.763893588e+04	 1	 79	 111	 12	 7	 1
1.763917586e+04	 1	 32	 32	 13	 7	 1
1.763922186e+04	 1	 68	 100	 14	 7	 1
1.763968685e+04	 1	 32	 32	 15	 7	 1
1.763988783e+04	 1	 83	 115	 16	 7	 1
1.763992683e+04	 1	 69	 101	 17	 7	 1
1.764012282e+04	 1	 69	 101	 18	 7	 1
1.764034480e+04	 1	 78	 110	 19	 7	 1
1.764056481e+04	 1	 13	 13	 20	 7	 1
1.764332667e+04	 1	 83	 115	 1	 7	 2
1.764355765e+04	 1	 73	 105	 2	 7	 2
1.764370363e+04	 1	 80	 112	 3	 7	 2
1.764384164e+04	 1	 32	 32	 4	 7	 2
1.764401662e+04	 1	 70	 102	 5	 7	 2
1.764414362e+04	 1	 85	 117	 6	 7	 2
1.764430561e+04	 1	 76	 108	 7	 7	 2
1.764444360e+04	 1	 76	 108	 8	 7	 2
1.764451263e+04	 1	 32	 32	 9	 7	 2
1.764462059e+04	 1	 70	 102	 10	 7	 2
1.764473259e+04	 1	 79	 111	 11	 7	 2
1.764489259e+04	 1	 79	 111	 12	 7	 2
1.764499758e+04	 1	 68	 100	 13	 7	 2
1.764513057e+04	 1	 32	 32	 14	 7	 2
1.764530856e+04	 1	 83	 115	 15	 7	 2
1.764541955e+04	 1	 69	 101	 16	 7	 2
1.764558955e+04	 1	 69	 101	 17	 7	 2
1.764566054e+04	 1	 78	 110	 18	 7	 2
1.764588059e+04	 1	 13	 13	 19	 7	 2
1.764919339e+04	 1	 83	 115	 1	 7	 3
1.764943237e+04	 1	 73	 105	 2	 7	 3
1.764957838e+04	 1	 80	 112	 3	 7	 3
1.764968436e+04	 1	 32	 32	 4	 7	 3
1.764982435e+04	 1	 70	 102	 5	 7	 3
1.764993634e+04	 1	 85	 117	 6	 7	 3
1.765011533e+04	 1	 76	 108	 7	 7	 3
1.765025333e+04	 1	 76	 108	 8	 7	 3
1.765034532e+04	 1	 32	 32	 9	 7	 3
1.765067430e+04	 1	 70	 102	 10	 7	 3
1.765081529e+04	 1	 79	 111	 11	 7	 3
1.765097631e+04	 1	 79	 111	 12	 7	 3
1.765105828e+04	 1	 68	 100	 13	 7	 3
1.765116828e+04	 1	 32	 32	 14	 7	 3
1.765131127e+04	 1	 83	 115	 15	 7	 3
1.765149226e+04	 1	 69	 101	 16	 7	 3
1.765162625e+04	 1	 69	 101	 17	 7	 3
1.765171825e+04	 1	 78	 110	 18	 7	 3
1.765192624e+04	 1	 13	 13	 19	 7	 3
1.765507217e+04	 1	 83	 115	 1	 7	 4
1.765531013e+04	 1	 73	 105	 2	 7	 4
1.765542111e+04	 1	 80	 112	 3	 7	 4
1.765552610e+04	 1	 32	 32	 4	 7	 4
1.765563710e+04	 1	 70	 102	 5	 7	 4
1.765575807e+04	 1	 85	 117	 6	 7	 4
1.765592303e+04	 1	 76	 108	 7	 7	 4
1.765607409e+04	 1	 76	 108	 8	 7	 4
1.765615702e+04	 1	 32	 32	 9	 7	 4
1.765648901e+04	 1	 70	 102	 10	 7	 4
1.765674501e+04	 1	 79	 111	 11	 7	 4
1.765691301e+04	 1	 79	 111	 12	 7	 4
1.765707397e+04	 1	 68	 100	 13	 7	 4
1.765719799e+04	 1	 32	 32	 14	 7	 4
1.765734999e+04	 1	 83	 115	 15	 7	 4
1.765752198e+04	 1	 69	 101	 16	 7	 4
1.765766897e+04	 1	 69	 101	 17	 7	 4
1.765776696e+04	 1	 78	 110	 18	 7	 4
1.765797895e+04	 1	 13	 13	 19	 7	 4
1.769221632e+04	 1	 70	 102	 1	 8	 1
1.769236030e+04	 1	 65	 97	 2	 8	 1
1.769257329e+04	 1	 82	 114	 3	 8	 1
1.769265228e+04	 1	 69	 101	 4	 8	 1
1.769277227e+04	 1	 32	 32	 5	 8	 1
1.769300127e+04	 1	 69	 101	 6	 8	 1
1.769356225e+04	 1	 8	 8	 7	 8	 1
1.769367124e+04	 1	 71	 103	 8	 8	 1
1.769376023e+04	 1	 69	 101	 9	 8	 1
1.769399422e+04	 1	 77	 109	 10	 8	 1
1.769412320e+04	 1	 32	 32	 11	 8	 1
1.769422720e+04	 1	 71	 103	 12	 8	 1
1.769430720e+04	 1	 69	 101	 13	 8	 1
1.769468719e+04	 1	 8	 8	 14	 8	 1
1.769475318e+04	 1	 65	 97	 15	 8	 1
1.769491518e+04	 1	 73	 105	 16	 8	 1
1.769503916e+04	 1	 84	 116	 17	 8	 1
1.769514016e+04	 1	 32	 32	 18	 8	 1
1.769528610e+04	 1	 70	 102	 19	 8	 1
1.769536417e+04	 1	 79	 111	 20	 8	 1
1.769540916e+04	 1	 85	 117	 21	 8	 1
1.769553715e+04	 1	 76	 108	 22	 8	 1
1.769588013e+04	 1	 13	 13	 23	 8	 1
1.769876500e+04	 1	 70	 102	 1	 8	 2
1.769886199e+04	 1	 65	 97	 2	 8	 2
1.769910197e+04	 1	 82	 114	 3	 8	 2
1.769917097e+04	 1	 69	 101	 4	 8	 2
1.769928995e+04	 1	 32	 32	 5	 8	 2
1.769951195e+04	 1	 71	 103	 6	 8	 2
1.769963993e+04	 1	 69	 101	 7	 8	 2
1.769979894e+04	 1	 77	 109	 8	 8	 2
1.769989594e+04	 1	 32	 32	 9	 8	 2
1.770008492e+04	 1	 71	 103	 10	 8	 2
1.770025791e+04	 1	 65	 97	 11	 8	 2
1.770038792e+04	 1	 73	 105	 12	 8	 2
1.770048990e+04	 1	 84	 116	 13	 8	 2
1.770070891e+04	 1	 32	 32	 14	 8	 2
1.770119387e+04	 1	 71	 103	 15	 8	 2
1.770133886e+04	 1	 79	 111	 16	 8	 2
1.770140886e+04	 1	 85	 117	 17	 8	 2
1.770155985e+04	 1	 76	 108	 18	 8	 2
1.770176686e+04	 1	 13	 13	 19	 8	 2
1.770463671e+04	 1	 70	 102	 1	 8	 3
1.770474471e+04	 1	 65	 97	 2	 8	 3
1.770491570e+04	 1	 73	 105	 3	 8	 3
1.770503869e+04	 1	 82	 114	 4	 8	 3
1.770516167e+04	 1	 32	 32	 5	 8	 3
1.770533066e+04	 1	 71	 103	 6	 8	 3
1.770542364e+04	 1	 69	 101	 7	 8	 3
1.770560366e+04	 1	 77	 109	 8	 8	 3
1.770572665e+04	 1	 32	 32	 9	 8	 3
1.770610764e+04	 1	 71	 103	 10	 8	 3
1.770626663e+04	 1	 65	 97	 11	 8	 3
1.770641362e+04	 1	 73	 105	 12	 8	 3
1.770653361e+04	 1	 84	 116	 13	 8	 3
1.770666762e+04	 1	 32	 32	 14	 8	 3
1.770715459e+04	 1	 76	 108	 15	 8	 3
1.770746258e+04	 1	 8	 8	 16	 8	 3
1.770787454e+04	 1	 71	 103	 17	 8	 3
1.770798355e+04	 1	 79	 111	 18	 8	 3
1.770805055e+04	 1	 85	 117	 19	 8	 3
1.770819655e+04	 1	 76	 108	 20	 8	 3
1.770839554e+04	 1	 13	 13	 21	 8	 3
1.771127239e+04	 1	 70	 102	 1	 8	 4
1.771138738e+04	 1	 65	 97	 2	 8	 4
1.771152736e+04	 1	 73	 105	 3	 8	 4
1.771164836e+04	 1	 82	 114	 4	 8	 4
1.771186035e+04	 1	 32	 32	 5	 8	 4
1.771211133e+04	 1	 70	 102	 6	 8	 4
1.771251333e+04	 1	 8	 8	 7	 8	 4
1.771259531e+04	 1	 71	 103	 8	 8	 4
1.771267131e+04	 1	 69	 101	 9	 8	 4
1.771279530e+04	 1	 77	 109	 10	 8	 4
1.771292130e+04	 1	 32	 32	 11	 8	 4
1.771347228e+04	 1	 71	 103	 12	 8	 4
1.771362527e+04	 1	 65	 97	 13	 8	 4
1.771371226e+04	 1	 73	 105	 14	 8	 4
1.771386825e+04	 1	 84	 116	 15	 8	 4
1.771395624e+04	 1	 32	 32	 16	 8	 4
1.771433224e+04	 1	 70	 102	 17	 8	 4
1.771445023e+04	 1	 79	 111	 18	 8	 4
1.771452422e+04	 1	 85	 117	 19	 8	 4
1.771464821e+04	 1	 76	 108	 20	 8	 4
1.771484921e+04	 1	 13	 13	 21	 8	 4
1.774922856e+04	 1	 70	 102	 1	 9	 1
1.774940056e+04	 1	 85	 117	 2	 9	 1
1.774952254e+04	 1	 90	 122	 3	 9	 1
1.774970153e+04	 1	 90	 122	 4	 9	 1
1.774980852e+04	 1	 32	 32	 5	 9	 1
1.775000151e+04	 1	 66	 98	 6	 9	 1
1.775006451e+04	 1	 65	 97	 7	 9	 1
1.775022050e+04	 1	 78	 110	 8	 9	 1
1.775035352e+04	 1	 71	 103	 9	 9	 1
1.775045249e+04	 1	 32	 32	 10	 9	 1
1.775065548e+04	 1	 66	 98	 11	 9	 1
1.775079748e+04	 1	 79	 111	 12	 9	 1
1.775091847e+04	 1	 79	 111	 13	 9	 1
1.775099646e+04	 1	 84	 116	 14	 9	 1
1.775111444e+04	 1	 32	 32	 15	 9	 1
1.775152246e+04	 1	 70	 102	 16	 9	 1
1.775171843e+04	 1	 69	 101	 17	 9	 1
1.775187442e+04	 1	 69	 101	 18	 9	 1
1.775200442e+04	 1	 76	 108	 19	 9	 1
1.775224241e+04	 1	 13	 13	 20	 9	 1
1.775508728e+04	 1	 70	 102	 1	 9	 2
1.775524426e+04	 1	 85	 117	 2	 9	 2
1.775533725e+04	 1	 90	 122	 3	 9	 2
1.775552524e+04	 1	 90	 122	 4	 9	 2
1.775562425e+04	 1	 32	 32	 5	 9	 2
1.775580323e+04	 1	 66	 98	 6	 9	 2
1.775587623e+04	 1	 65	 97	 7	 9	 2
1.775602022e+04	 1	 78	 110	 8	 9	 2
1.775612517e+04	 1	 71	 103	 9	 9	 2
1.775623123e+04	 1	 32	 32	 10	 9	 2
1.775641120e+04	 1	 66	 98	 11	 9	 2
1.775655219e+04	 1	 79	 111	 12	 9	 2
1.775670020e+04	 1	 79	 111	 13	 9	 2
1.775677518e+04	 1	 84	 116	 14	 9	 2
1.775687018e+04	 1	 32	 32	 15	 9	 2
1.775703417e+04	 1	 66	 98	 16	 9	 2
1.775708417e+04	 1	 69	 101	 17	 9	 2
1.775757604e+04	 1	 8	 8	 18	 9	 2
1.775770815e+04	 1	 8	 8	 19	 9	 2
1.775778013e+04	 1	 70	 102	 20	 9	 2
1.775785513e+04	 1	 69	 101	 21	 9	 2
1.775803312e+04	 1	 69	 101	 22	 9	 2
1.775813412e+04	 1	 76	 108	 23	 9	 2
1.775831811e+04	 1	 13	 13	 24	 9	 2
1.776104402e+04	 1	 70	 102	 1	 9	 3
1.776122000e+04	 1	 85	 117	 2	 9	 3
1.776138301e+04	 1	 87	 119	 3	 9	 3
1.776175201e+04	 1	 8	 8	 4	 9	 3
1.776195497e+04	 1	 90	 122	 5	 9	 3
1.776216597e+04	 1	 90	 122	 6	 9	 3
1.776232496e+04	 1	 90	 122	 7	 9	 3
1.776254092e+04	 1	 32	 32	 8	 9	 3
1.776292092e+04	 1	 66	 98	 9	 9	 3
1.776300890e+04	 1	 85	 117	 10	 9	 3
1.776314588e+04	 1	 71	 103	 11	 9	 3
1.776379775e+04	 1	 8	 8	 12	 9	 3
1.776393184e+04	 1	 8	 8	 13	 9	 3
1.776419583e+04	 1	 78	 110	 14	 9	 3
1.776432782e+04	 1	 71	 103	 15	 9	 3
1.776446281e+04	 1	 32	 32	 16	 9	 3
1.776475080e+04	 1	 66	 98	 17	 9	 3
1.776491980e+04	 1	 79	 111	 18	 9	 3
1.776506679e+04	 1	 79	 111	 19	 9	 3
1.776514878e+04	 1	 84	 116	 20	 9	 3
1.776525078e+04	 1	 32	 32	 21	 9	 3
1.776546676e+04	 1	 70	 102	 22	 9	 3
1.776556376e+04	 1	 69	 101	 23	 9	 3
1.776572175e+04	 1	 69	 101	 24	 9	 3
1.776580375e+04	 1	 76	 108	 25	 9	 3
1.776601375e+04	 1	 13	 13	 26	 9	 3
1.776876462e+04	 1	 70	 102	 1	 9	 4
1.776891260e+04	 1	 85	 117	 2	 9	 4
1.776903661e+04	 1	 90	 122	 3	 9	 4
1.776920559e+04	 1	 90	 122	 4	 9	 4
1.776930758e+04	 1	 32	 32	 5	 9	 4
1.776953757e+04	 1	 66	 98	 6	 9	 4
1.776964856e+04	 1	 65	 97	 7	 9	 4
1.776977457e+04	 1	 78	 110	 8	 9	 4
1.776988555e+04	 1	 71	 103	 9	 9	 4
1.777000257e+04	 1	 32	 32	 10	 9	 4
1.777020154e+04	 1	 66	 98	 11	 9	 4
1.777034953e+04	 1	 79	 111	 12	 9	 4
1.777048253e+04	 1	 79	 111	 13	 9	 4
1.777053252e+04	 1	 84	 116	 14	 9	 4
1.777065751e+04	 1	 32	 32	 15	 9	 4
1.777084155e+04	 1	 70	 102	 16	 9	 4
1.777097050e+04	 1	 69	 101	 17	 9	 4
1.777110650e+04	 1	 69	 101	 18	 9	 4
1.777120349e+04	 1	 76	 108	 19	 9	 4
1.777141150e+04	 1	 13	 13	 20	 9	 4
1.780486090e+04	 1	 70	 102	 1	 10	 1
1.780507889e+04	 1	 79	 111	 2	 10	 1
1.780525885e+04	 1	 71	 103	 3	 10	 1
1.780542084e+04	 1	 32	 32	 4	 10	 1
1.780563483e+04	 1	 74	 106	 5	 10	 1
1.780625780e+04	 1	 8	 8	 6	 10	 1
1.780653079e+04	 1	 8	 8	 7	 10	 1
1.780676378e+04	 1	 72	 104	 8	 10	 1
1.780689779e+04	 1	 85	 117	 9	 10	 1
1.780724576e+04	 1	 77	 109	 10	 10	 1
1.780738475e+04	 1	 32	 32	 11	 10	 1
1.780760373e+04	 1	 72	 104	 12	 10	 1
1.780770272e+04	 1	 73	 105	 13	 10	 1
1.780778072e+04	 1	 83	 115	 14	 10	 1
1.780791371e+04	 1	 32	 32	 15	 10	 1
1.780813871e+04	 1	 70	 102	 16	 10	 1
1.780820071e+04	 1	 65	 97	 17	 10	 1
1.780840371e+04	 1	 78	 110	 18	 10	 1
1.780859469e+04	 1	 13	 13	 19	 10	 1
1.781131057e+04	 1	 70	 102	 1	 10	 2
1.781146757e+04	 1	 79	 111	 2	 10	 2
1.781169954e+04	 1	 32	 32	 3	 10	 2
1.781188854e+04	 1	 71	 103	 4	 10	 2
1.781213052e+04	 1	 8	 8	 5	 10	 2
1.781224951e+04	 1	 8	 8	 6	 10	 2
1.781234850e+04	 1	 71	 103	 7	 10	 2
1.781243450e+04	 1	 32	 32	 8	 10	 2
1.781267149e+04	 1	 72	 104	 9	 10	 2
1.781286748e+04	 1	 85	 117	 10	 10	 2
1.781309848e+04	 1	 77	 109	 11	 10	 2
1.781320046e+04	 1	 32	 32	 12	 10	 2
1.781335945e+04	 1	 72	 104	 13	 10	 2
1.781346544e+04	 1	 73	 105	 14	 10	 2
1.781355847e+04	 1	 83	 115	 15	 10	 2
1.781366944e+04	 1	 32	 32	 16	 10	 2
1.781397043e+04	 1	 70	 102	 17	 10	 2
1.781406944e+04	 1	 65	 97	 18	 10	 2
1.781439143e+04	 1	 78	 110	 19	 10	 2
1.781464345e+04	 1	 13	 13	 20	 10	 2
1.781732728e+04	 1	 70	 102	 1	 10	 3
1.781745225e+04	 1	 79	 111	 2	 10	 3
1.781757225e+04	 1	 71	 103	 3	 10	 3
1.781767027e+04	 1	 32	 32	 4	 10	 3
1.781804024e+04	 1	 72	 104	 5	 10	 3
1.781821122e+04	 1	 85	 117	 6	 10	 3
1.781844021e+04	 1	 77	 109	 7	 10	 3
1.781853520e+04	 1	 32	 32	 8	 10	 3
1.781866923e+04	 1	 72	 104	 9	 10	 3
1.781877420e+04	 1	 73	 105	 10	 10	 3
1.781884618e+04	 1	 83	 115	 11	 10	 3
1.781896618e+04	 1	 32	 32	 12	 10	 3
1.781918617e+04	 1	 70	 102	 13	 10	 3
1.781930717e+04	 1	 65	 97	 14	 10	 3
1.781962815e+04	 1	 78	 110	 15	 10	 3
1.781986116e+04	 1	 13	 13	 16	 10	 3
1.782321999e+04	 1	 70	 102	 1	 10	 4
1.782339497e+04	 1	 79	 111	 2	 10	 4
1.782350196e+04	 1	 71	 103	 3	 10	 4
1.782363495e+04	 1	 32	 32	 4	 10	 4
1.782391497e+04	 1	 72	 104	 5	 10	 4
1.782407394e+04	 1	 85	 117	 6	 10	 4
1.782431593e+04	 1	 77	 109	 7	 10	 4
1.782442792e+04	 1	 32	 32	 8	 10	 4
1.782458991e+04	 1	 72	 104	 9	 10	 4
1.782469191e+04	 1	 73	 105	 10	 10	 4
1.782478690e+04	 1	 83	 115	 11	 10	 4
1.782489590e+04	 1	 32	 32	 12	 10	 4
1.782508190e+04	 1	 70	 102	 13	 10	 4
1.782520289e+04	 1	 65	 97	 14	 10	 4
1.782527587e+04	 1	 78	 110	 15	 10	 4
1.782549287e+04	 1	 13	 13	 16	 10	 4
